   0.00000     0.04502738
   0.00031     0.04443100
   0.00062     0.04383462
   0.00094     0.04323824
   0.00125     0.04264186
   0.00156     0.04180903
   0.00187     0.04097621
   0.00219     0.04014338
   0.00250     0.03931055
   0.00281     0.03837085
   0.00312     0.03743114
   0.00344     0.03649143
   0.00375     0.03555172
   0.00406     0.03457773
   0.00437     0.03360374
   0.00469     0.03262975
   0.00500     0.03165576
   0.00531     0.03070605
   0.00562     0.02975633
   0.00594     0.02880662
   0.00625     0.02785691
   0.00656     0.02696825
   0.00688     0.02607959
   0.00719     0.02519093
   0.00750     0.02430227
   0.00781     0.02349236
   0.00813     0.02268245
   0.00844     0.02187254
   0.00875     0.02106263
   0.00906     0.02033635
   0.00938     0.01961008
   0.00969     0.01888380
   0.01000     0.01815752
   0.01031     0.01751238
   0.01063     0.01686723
   0.01094     0.01622209
   0.01125     0.01557695
   0.01156     0.01500665
   0.01188     0.01443635
   0.01219     0.01386605
   0.01250     0.01329575
   0.01281     0.01279232
   0.01313     0.01228888
   0.01344     0.01178545
   0.01375     0.01128202
   0.01406     0.01083695
   0.01438     0.01039189
   0.01469     0.00994683
   0.01500     0.00950176
   0.01531     0.00910665
   0.01563     0.00871153
   0.01594     0.00831642
   0.01625     0.00792130
   0.01656     0.00756808
   0.01688     0.00721487
   0.01719     0.00686165
   0.01750     0.00650843
   0.01781     0.00618953
   0.01813     0.00587063
   0.01844     0.00555173
   0.01875     0.00523283
   0.01906     0.00494117
   0.01938     0.00464950
   0.01969     0.00435783
   0.02000     0.00406616
   0.02031     0.00379513
   0.02063     0.00352410
   0.02094     0.00325307
   0.02125     0.00298204
   0.02156     0.00272558
   0.02188     0.00246913
   0.02219     0.00221267
   0.02250     0.00195622
   0.02281     0.00170890
   0.02313     0.00146158
   0.02344     0.00121426
   0.02375     0.00096695
   0.02406     0.00072396
   0.02438     0.00048098
   0.02469     0.00023799
   0.02500     -.00000499
   0.02531     -.00024801
   0.02562     -.00049103
   0.02594     -.00073406
   0.02625     -.00097708
   0.02656     -.00122451
   0.02687     -.00147194
   0.02719     -.00171936
   0.02750     -.00196679
   0.02781     -.00222343
   0.02812     -.00248007
   0.02844     -.00273671
   0.02875     -.00299335
   0.02906     -.00326463
   0.02937     -.00353592
   0.02969     -.00380721
   0.03000     -.00407850
   0.03031     -.00437050
   0.03062     -.00466249
   0.03094     -.00495449
   0.03125     -.00524649
   0.03156     -.00556579
   0.03188     -.00588510
   0.03219     -.00620440
   0.03250     -.00652371
   0.03281     -.00687740
   0.03313     -.00723109
   0.03344     -.00758479
   0.03375     -.00793848
   0.03406     -.00833414
   0.03438     -.00872980
   0.03469     -.00912545
   0.03500     -.00952111
   0.03531     -.00996677
   0.03563     -.01041242
   0.03594     -.01085808
   0.03625     -.01130373
   0.03656     -.01180777
   0.03688     -.01231180
   0.03719     -.01281584
   0.03750     -.01331987
   0.03781     -.01389072
   0.03813     -.01446157
   0.03844     -.01503242
   0.03875     -.01560327
   0.03906     -.01624878
   0.03938     -.01689430
   0.03969     -.01753981
   0.04000     -.01818533
   0.04031     -.01891158
   0.04063     -.01963782
   0.04094     -.02036407
   0.04125     -.02109032
   0.04156     -.02189942
   0.04188     -.02270851
   0.04219     -.02351761
   0.04250     -.02432671
   0.04281     -.02521315
   0.04313     -.02609959
   0.04344     -.02698603
   0.04375     -.02787248
   0.04406     -.02881771
   0.04438     -.02976295
   0.04469     -.03070819
   0.04500     -.03165343
   0.04531     -.03262001
   0.04563     -.03358660
   0.04594     -.03455319
   0.04625     -.03551978
   0.04656     -.03644957
   0.04688     -.03737936
   0.04719     -.03830915
   0.04750     -.03923894
   0.04781     -.04006167
   0.04813     -.04088439
   0.04844     -.04170712
   0.04875     -.04252984
   0.04906     -.04311993
   0.04938     -.04371002
   0.04969     -.04430011
   0.05000     -.04489020
