   0.00000     -.00005508
   0.00031     -.00006833
   0.00063     -.00008157
   0.00094     -.00009482
   0.00125     -.00010807
   0.00156     -.00013350
   0.00188     -.00015894
   0.00219     -.00018438
   0.00250     -.00020981
   0.00281     -.00023303
   0.00313     -.00025624
   0.00344     -.00027946
   0.00375     -.00030267
   0.00406     -.00032349
   0.00438     -.00034431
   0.00469     -.00036513
   0.00500     -.00038595
   0.00531     -.00040436
   0.00563     -.00042278
   0.00594     -.00044119
   0.00625     -.00045960
   0.00656     -.00047572
   0.00688     -.00049184
   0.00719     -.00050796
   0.00750     -.00052408
   0.00781     -.00053807
   0.00813     -.00055207
   0.00844     -.00056606
   0.00875     -.00058006
   0.00906     -.00059213
   0.00938     -.00060421
   0.00969     -.00061628
   0.01000     -.00062836
   0.01031     -.00063871
   0.01063     -.00064907
   0.01094     -.00065942
   0.01125     -.00066978
   0.01156     -.00067861
   0.01188     -.00068744
   0.01219     -.00069627
   0.01250     -.00070510
   0.01281     -.00071258
   0.01313     -.00072006
   0.01344     -.00072753
   0.01375     -.00073501
   0.01406     -.00074129
   0.01438     -.00074758
   0.01469     -.00075386
   0.01500     -.00076014
   0.01531     -.00076536
   0.01563     -.00077058
   0.01594     -.00077580
   0.01625     -.00078102
   0.01656     -.00078529
   0.01688     -.00078957
   0.01719     -.00079384
   0.01750     -.00079811
   0.01781     -.00080154
   0.01813     -.00080497
   0.01844     -.00080839
   0.01875     -.00081182
   0.01906     -.00081448
   0.01938     -.00081715
   0.01969     -.00081981
   0.02000     -.00082248
   0.02031     -.00082445
   0.02063     -.00082642
   0.02094     -.00082840
   0.02125     -.00083037
   0.02156     -.00083172
   0.02188     -.00083307
   0.02219     -.00083442
   0.02250     -.00083577
   0.02281     -.00083655
   0.02313     -.00083733
   0.02344     -.00083810
   0.02375     -.00083888
   0.02406     -.00083913
   0.02438     -.00083937
   0.02469     -.00083962
   0.02500     -.00083986
   0.02531     -.00083959
   0.02563     -.00083932
   0.02594     -.00083904
   0.02625     -.00083877
   0.02656     -.00083797
   0.02688     -.00083717
   0.02719     -.00083637
   0.02750     -.00083557
   0.02781     -.00083420
   0.02813     -.00083284
   0.02844     -.00083147
   0.02875     -.00083010
   0.02906     -.00082812
   0.02938     -.00082614
   0.02969     -.00082415
   0.03000     -.00082217
   0.03031     -.00081950
   0.03063     -.00081684
   0.03094     -.00081417
   0.03125     -.00081150
   0.03156     -.00080808
   0.03188     -.00080465
   0.03219     -.00080123
   0.03250     -.00079780
   0.03281     -.00079353
   0.03313     -.00078926
   0.03344     -.00078499
   0.03375     -.00078071
   0.03406     -.00077550
   0.03438     -.00077028
   0.03469     -.00076506
   0.03500     -.00075985
   0.03531     -.00075357
   0.03563     -.00074729
   0.03594     -.00074101
   0.03625     -.00073474
   0.03656     -.00072726
   0.03688     -.00071979
   0.03719     -.00071231
   0.03750     -.00070484
   0.03781     -.00069601
   0.03813     -.00068718
   0.03844     -.00067836
   0.03875     -.00066953
   0.03906     -.00065918
   0.03938     -.00064882
   0.03969     -.00063847
   0.04000     -.00062812
   0.04031     -.00061605
   0.04063     -.00060398
   0.04094     -.00059190
   0.04125     -.00057983
   0.04156     -.00056584
   0.04188     -.00055185
   0.04219     -.00053785
   0.04250     -.00052386
   0.04281     -.00050775
   0.04313     -.00049163
   0.04344     -.00047552
   0.04375     -.00045940
   0.04406     -.00044099
   0.04438     -.00042258
   0.04469     -.00040417
   0.04500     -.00038576
   0.04531     -.00036495
   0.04563     -.00034413
   0.04594     -.00032332
   0.04625     -.00030251
   0.04656     -.00027930
   0.04688     -.00025610
   0.04719     -.00023289
   0.04750     -.00020969
   0.04781     -.00018426
   0.04813     -.00015884
   0.04844     -.00013342
   0.04875     -.00010799
   0.04906     -.00009476
   0.04938     -.00008152
   0.04969     -.00006828
   0.05000     -.00005504
