   0.00000     0.00000000
   0.00625     -.00221152
   0.01250     -.00427808
   0.01875     -.00625376
   0.02500     -.00816959
   0.03125     -.01004326
   0.03750     -.01188475
   0.04375     -.01369963
   0.05000     -.01549095
   0.05625     -.01726034
   0.06250     -.01900863
   0.06875     -.02073617
   0.07500     -.02244308
   0.08125     -.02412933
   0.08750     -.02579481
   0.09375     -.02743936
   0.10000     -.02906282
   0.10625     -.03066348
   0.11250     -.03224265
   0.11875     -.03380015
   0.12500     -.03533581
   0.13125     -.03684944
   0.13750     -.03834088
   0.14375     -.03980996
   0.15000     -.04125650
   0.15625     -.04268035
   0.16250     -.04408136
   0.16875     -.04545936
   0.17500     -.04681421
   0.18125     -.04814576
   0.18750     -.04945387
   0.19375     -.05073840
   0.20000     -.05199922
   0.20625     -.05323446
   0.21250     -.05444572
   0.21875     -.05563284
   0.22500     -.05679573
   0.23125     -.05793425
   0.23750     -.05904828
   0.24375     -.06013773
   0.25000     -.06120247
   0.25625     -.06224240
   0.26250     -.06325742
   0.26875     -.06424743
   0.27500     -.06521232
   0.28125     -.06615200
   0.28750     -.06706639
   0.29375     -.06795538
   0.30000     -.06881890
   0.30625     -.06965502
   0.31250     -.07046549
   0.31875     -.07125023
   0.32500     -.07200916
   0.33125     -.07274222
   0.33750     -.07344932
   0.34375     -.07413041
   0.35000     -.07478542
   0.35625     -.07541428
   0.36250     -.07601694
   0.36875     -.07659335
   0.37500     -.07714344
   0.38125     -.07766716
   0.38750     -.07816447
   0.39375     -.07863533
   0.40000     -.07907967
   0.40625     -.07949558
   0.41250     -.07988489
   0.41875     -.08024757
   0.42500     -.08058360
   0.43125     -.08089293
   0.43750     -.08117554
   0.44375     -.08143141
   0.45000     -.08166051
   0.45625     -.08186282
   0.46250     -.08203832
   0.46875     -.08218700
   0.47500     -.08230884
   0.48125     -.08240382
   0.48750     -.08247195
   0.49375     -.08251322
   0.50000     -.08252761
   0.50625     -.08251322
   0.51250     -.08247195
   0.51875     -.08240382
   0.52500     -.08230884
   0.53125     -.08218700
   0.53750     -.08203832
   0.54375     -.08186282
   0.55000     -.08166051
   0.55625     -.08143141
   0.56250     -.08117554
   0.56875     -.08089293
   0.57500     -.08058360
   0.58125     -.08024757
   0.58750     -.07988489
   0.59375     -.07949557
   0.60000     -.07907967
   0.60625     -.07863533
   0.61250     -.07816447
   0.61875     -.07766716
   0.62500     -.07714344
   0.63125     -.07659335
   0.63750     -.07601694
   0.64375     -.07541428
   0.65000     -.07478542
   0.65625     -.07413041
   0.66250     -.07344932
   0.66875     -.07274222
   0.67500     -.07200916
   0.68125     -.07125023
   0.68750     -.07046549
   0.69375     -.06965502
   0.70000     -.06881890
   0.70625     -.06795538
   0.71250     -.06706639
   0.71875     -.06615200
   0.72500     -.06521232
   0.73125     -.06424743
   0.73750     -.06325742
   0.74375     -.06224240
   0.75000     -.06120247
   0.75625     -.06013773
   0.76250     -.05904828
   0.76875     -.05793425
   0.77500     -.05679573
   0.78125     -.05563284
   0.78750     -.05444572
   0.79375     -.05323446
   0.80000     -.05199922
   0.80625     -.05073840
   0.81250     -.04945387
   0.81875     -.04814576
   0.82500     -.04681421
   0.83125     -.04545936
   0.83750     -.04408136
   0.84375     -.04268035
   0.85000     -.04125650
   0.85625     -.03980996
   0.86250     -.03834088
   0.86875     -.03684944
   0.87500     -.03533581
   0.88125     -.03380015
   0.88750     -.03224265
   0.89375     -.03066348
   0.90000     -.02906282
   0.90625     -.02743936
   0.91250     -.02579481
   0.91875     -.02412933
   0.92500     -.02244308
   0.93125     -.02073617
   0.93750     -.01900863
   0.94375     -.01726034
   0.95000     -.01549095
   0.95625     -.01369963
   0.96250     -.01188475
   0.96875     -.01004326
   0.97500     -.00816959
   0.98125     -.00625376
   0.98750     -.00427808
   0.99375     -.00221152
   1.00000     -.00000000
