   0.00000     0.05254549
   0.00031     0.05110454
   0.00063     0.04966358
   0.00094     0.04822263
   0.00125     0.04678167
   0.00156     0.04525016
   0.00188     0.04371865
   0.00219     0.04218713
   0.00250     0.04065562
   0.00281     0.03930001
   0.00313     0.03794441
   0.00344     0.03658880
   0.00375     0.03523319
   0.00406     0.03403935
   0.00438     0.03284551
   0.00469     0.03165167
   0.00500     0.03045783
   0.00531     0.02941080
   0.00563     0.02836378
   0.00594     0.02731676
   0.00625     0.02626974
   0.00656     0.02535436
   0.00688     0.02443899
   0.00719     0.02352361
   0.00750     0.02260823
   0.00781     0.02180960
   0.00813     0.02101098
   0.00844     0.02021235
   0.00875     0.01941373
   0.00906     0.01871765
   0.00938     0.01802156
   0.00969     0.01732548
   0.01000     0.01662939
   0.01031     0.01602258
   0.01063     0.01541577
   0.01094     0.01480895
   0.01125     0.01420214
   0.01156     0.01367241
   0.01188     0.01314268
   0.01219     0.01261295
   0.01250     0.01208322
   0.01281     0.01161950
   0.01313     0.01115579
   0.01344     0.01069207
   0.01375     0.01022835
   0.01406     0.00982068
   0.01438     0.00941301
   0.01469     0.00900535
   0.01500     0.00859768
   0.01531     0.00823711
   0.01563     0.00787654
   0.01594     0.00751597
   0.01625     0.00715540
   0.01656     0.00683391
   0.01688     0.00651242
   0.01719     0.00619094
   0.01750     0.00586945
   0.01781     0.00557986
   0.01813     0.00529027
   0.01844     0.00500068
   0.01875     0.00471109
   0.01906     0.00444692
   0.01938     0.00418275
   0.01969     0.00391859
   0.02000     0.00365442
   0.02031     0.00340981
   0.02063     0.00316521
   0.02094     0.00292060
   0.02125     0.00267600
   0.02156     0.00244560
   0.02188     0.00221519
   0.02219     0.00198479
   0.02250     0.00175439
   0.02281     0.00153322
   0.02313     0.00131206
   0.02344     0.00109089
   0.02375     0.00086972
   0.02406     0.00065309
   0.02438     0.00043645
   0.02469     0.00021982
   0.02500     0.00000318
   0.02531     -.00021348
   0.02563     -.00043014
   0.02594     -.00064681
   0.02625     -.00086347
   0.02656     -.00108473
   0.02688     -.00130598
   0.02719     -.00152723
   0.02750     -.00174849
   0.02781     -.00197902
   0.02813     -.00220956
   0.02844     -.00244009
   0.02875     -.00267063
   0.02906     -.00291541
   0.02938     -.00316019
   0.02969     -.00340496
   0.03000     -.00364974
   0.03031     -.00391411
   0.03063     -.00417847
   0.03094     -.00444284
   0.03125     -.00470720
   0.03156     -.00499701
   0.03188     -.00528681
   0.03219     -.00557662
   0.03250     -.00586642
   0.03281     -.00618812
   0.03313     -.00650983
   0.03344     -.00683153
   0.03375     -.00715324
   0.03406     -.00751403
   0.03438     -.00787481
   0.03469     -.00823560
   0.03500     -.00859639
   0.03531     -.00900427
   0.03563     -.00941216
   0.03594     -.00982004
   0.03625     -.01022793
   0.03656     -.01069185
   0.03688     -.01115577
   0.03719     -.01161969
   0.03750     -.01208362
   0.03781     -.01261355
   0.03813     -.01314348
   0.03844     -.01367341
   0.03875     -.01420335
   0.03906     -.01481035
   0.03938     -.01541736
   0.03969     -.01602437
   0.04000     -.01663138
   0.04031     -.01732765
   0.04063     -.01802392
   0.04094     -.01872019
   0.04125     -.01941646
   0.04156     -.02021527
   0.04188     -.02101408
   0.04219     -.02181288
   0.04250     -.02261169
   0.04281     -.02352724
   0.04313     -.02444279
   0.04344     -.02535834
   0.04375     -.02627389
   0.04406     -.02732107
   0.04438     -.02836825
   0.04469     -.02941543
   0.04500     -.03046262
   0.04531     -.03165660
   0.04563     -.03285059
   0.04594     -.03404457
   0.04625     -.03523855
   0.04656     -.03659428
   0.04688     -.03795001
   0.04719     -.03930573
   0.04750     -.04066146
   0.04781     -.04219306
   0.04813     -.04372466
   0.04844     -.04525626
   0.04875     -.04678786
   0.04906     -.04822885
   0.04938     -.04966984
   0.04969     -.05111084
   0.05000     -.05255183
