   0.00000     -.00012556
   0.00031     -.00015549
   0.00062     -.00018542
   0.00094     -.00021535
   0.00125     -.00024528
   0.00156     -.00030198
   0.00187     -.00035869
   0.00219     -.00041539
   0.00250     -.00047209
   0.00281     -.00052209
   0.00312     -.00057209
   0.00344     -.00062210
   0.00375     -.00067210
   0.00406     -.00071501
   0.00437     -.00075792
   0.00469     -.00080083
   0.00500     -.00084373
   0.00531     -.00087995
   0.00562     -.00091617
   0.00594     -.00095239
   0.00625     -.00098861
   0.00656     -.00101896
   0.00688     -.00104931
   0.00719     -.00107966
   0.00750     -.00111002
   0.00781     -.00113541
   0.00813     -.00116080
   0.00844     -.00118620
   0.00875     -.00121159
   0.00906     -.00123285
   0.00938     -.00125411
   0.00969     -.00127537
   0.01000     -.00129663
   0.01031     -.00131445
   0.01063     -.00133226
   0.01094     -.00135008
   0.01125     -.00136790
   0.01156     -.00138283
   0.01188     -.00139776
   0.01219     -.00141270
   0.01250     -.00142763
   0.01281     -.00144012
   0.01313     -.00145261
   0.01344     -.00146510
   0.01375     -.00147760
   0.01406     -.00148800
   0.01438     -.00149841
   0.01469     -.00150882
   0.01500     -.00151923
   0.01531     -.00152783
   0.01563     -.00153644
   0.01594     -.00154505
   0.01625     -.00155366
   0.01656     -.00156069
   0.01688     -.00156773
   0.01719     -.00157477
   0.01750     -.00158180
   0.01781     -.00158745
   0.01813     -.00159311
   0.01844     -.00159876
   0.01875     -.00160441
   0.01906     -.00160882
   0.01938     -.00161323
   0.01969     -.00161765
   0.02000     -.00162206
   0.02031     -.00162536
   0.02063     -.00162865
   0.02094     -.00163195
   0.02125     -.00163524
   0.02156     -.00163752
   0.02188     -.00163980
   0.02219     -.00164207
   0.02250     -.00164435
   0.02281     -.00164568
   0.02313     -.00164702
   0.02344     -.00164835
   0.02375     -.00164968
   0.02406     -.00165012
   0.02438     -.00165056
   0.02469     -.00165099
   0.02500     -.00165143
   0.02531     -.00165099
   0.02562     -.00165055
   0.02594     -.00165011
   0.02625     -.00164967
   0.02656     -.00164833
   0.02687     -.00164699
   0.02719     -.00164565
   0.02750     -.00164432
   0.02781     -.00164204
   0.02812     -.00163975
   0.02844     -.00163747
   0.02875     -.00163519
   0.02906     -.00163189
   0.02937     -.00162859
   0.02969     -.00162528
   0.03000     -.00162198
   0.03031     -.00161756
   0.03062     -.00161314
   0.03094     -.00160872
   0.03125     -.00160430
   0.03156     -.00159864
   0.03188     -.00159298
   0.03219     -.00158732
   0.03250     -.00158166
   0.03281     -.00157461
   0.03313     -.00156756
   0.03344     -.00156051
   0.03375     -.00155346
   0.03406     -.00154484
   0.03438     -.00153621
   0.03469     -.00152759
   0.03500     -.00151897
   0.03531     -.00150854
   0.03563     -.00149811
   0.03594     -.00148768
   0.03625     -.00147725
   0.03656     -.00146473
   0.03688     -.00145222
   0.03719     -.00143970
   0.03750     -.00142718
   0.03781     -.00141221
   0.03813     -.00139724
   0.03844     -.00138227
   0.03875     -.00136731
   0.03906     -.00134944
   0.03938     -.00133158
   0.03969     -.00131371
   0.04000     -.00129585
   0.04031     -.00127453
   0.04063     -.00125321
   0.04094     -.00123189
   0.04125     -.00121057
   0.04156     -.00118510
   0.04188     -.00115964
   0.04219     -.00113417
   0.04250     -.00110870
   0.04281     -.00107826
   0.04313     -.00104783
   0.04344     -.00101739
   0.04375     -.00098695
   0.04406     -.00095065
   0.04438     -.00091435
   0.04469     -.00087805
   0.04500     -.00084175
   0.04531     -.00079880
   0.04563     -.00075586
   0.04594     -.00071291
   0.04625     -.00066996
   0.04656     -.00062001
   0.04688     -.00057006
   0.04719     -.00052011
   0.04750     -.00047016
   0.04781     -.00041365
   0.04813     -.00035713
   0.04844     -.00030061
   0.04875     -.00024410
   0.04906     -.00021430
   0.04938     -.00018451
   0.04969     -.00015471
   0.05000     -.00012492
