   0.00000     -.00000000
   0.00625     -.00234128
   0.01250     -.00462500
   0.01875     -.00686440
   0.02500     -.00907269
   0.03125     -.01125542
   0.03750     -.01342839
   0.04375     -.01559363
   0.05000     -.01775307
   0.05625     -.01990677
   0.06250     -.02205752
   0.06875     -.02420557
   0.07500     -.02635109
   0.08125     -.02849304
   0.08750     -.03063246
   0.09375     -.03276933
   0.10000     -.03490357
   0.10625     -.03703367
   0.11250     -.03916067
   0.11875     -.04128451
   0.12500     -.04340508
   0.13125     -.04552052
   0.13750     -.04763209
   0.14375     -.04973979
   0.15000     -.05184349
   0.15625     -.05394098
   0.16250     -.05603382
   0.16875     -.05812202
   0.17500     -.06020547
   0.18125     -.06228164
   0.18750     -.06435232
   0.19375     -.06641761
   0.20000     -.06847736
   0.20625     -.07052874
   0.21250     -.07257379
   0.21875     -.07461265
   0.22500     -.07664519
   0.23125     -.07866824
   0.23750     -.08068408
   0.24375     -.08269293
   0.25000     -.08469464
   0.25625     -.08668573
   0.26250     -.08866869
   0.26875     -.09064381
   0.27500     -.09261096
   0.28125     -.09456630
   0.28750     -.09651255
   0.29375     -.09845009
   0.30000     -.10037877
   0.30625     -.10229443
   0.31250     -.10419995
   0.31875     -.10609583
   0.32500     -.10798192
   0.33125     -.10985367
   0.33750     -.11171417
   0.34375     -.11356404
   0.35000     -.11540309
   0.35625     -.11722638
   0.36250     -.11903719
   0.36875     -.12083625
   0.37500     -.12262336
   0.38125     -.12439312
   0.38750     -.12614897
   0.39375     -.12789178
   0.40000     -.12962131
   0.40625     -.13133160
   0.41250     -.13302624
   0.41875     -.13470621
   0.42500     -.13637120
   0.43125     -.13801437
   0.43750     -.13963935
   0.44375     -.14124713
   0.45000     -.14283709
   0.45625     -.14440038
   0.46250     -.14593986
   0.46875     -.14745566
   0.47500     -.14894572
   0.48125     -.15039290
   0.48750     -.15179422
   0.49375     -.15314329
   0.50000     -.15433848
   0.50625     -.15314329
   0.51250     -.15179422
   0.51875     -.15039290
   0.52500     -.14894572
   0.53125     -.14745566
   0.53750     -.14593986
   0.54375     -.14440038
   0.55000     -.14283709
   0.55625     -.14124713
   0.56250     -.13963935
   0.56875     -.13801437
   0.57500     -.13637120
   0.58125     -.13470621
   0.58750     -.13302624
   0.59375     -.13133160
   0.60000     -.12962131
   0.60625     -.12789178
   0.61250     -.12614897
   0.61875     -.12439312
   0.62500     -.12262336
   0.63125     -.12083625
   0.63750     -.11903719
   0.64375     -.11722638
   0.65000     -.11540309
   0.65625     -.11356404
   0.66250     -.11171417
   0.66875     -.10985367
   0.67500     -.10798192
   0.68125     -.10609583
   0.68750     -.10419995
   0.69375     -.10229443
   0.70000     -.10037877
   0.70625     -.09845009
   0.71250     -.09651255
   0.71875     -.09456630
   0.72500     -.09261096
   0.73125     -.09064381
   0.73750     -.08866869
   0.74375     -.08668573
   0.75000     -.08469464
   0.75625     -.08269293
   0.76250     -.08068408
   0.76875     -.07866824
   0.77500     -.07664519
   0.78125     -.07461265
   0.78750     -.07257379
   0.79375     -.07052874
   0.80000     -.06847736
   0.80625     -.06641761
   0.81250     -.06435232
   0.81875     -.06228164
   0.82500     -.06020547
   0.83125     -.05812202
   0.83750     -.05603382
   0.84375     -.05394098
   0.85000     -.05184349
   0.85625     -.04973979
   0.86250     -.04763209
   0.86875     -.04552052
   0.87500     -.04340508
   0.88125     -.04128451
   0.88750     -.03916067
   0.89375     -.03703367
   0.90000     -.03490357
   0.90625     -.03276933
   0.91250     -.03063246
   0.91875     -.02849304
   0.92500     -.02635109
   0.93125     -.02420557
   0.93750     -.02205752
   0.94375     -.01990677
   0.95000     -.01775307
   0.95625     -.01559363
   0.96250     -.01342839
   0.96875     -.01125542
   0.97500     -.00907269
   0.98125     -.00686440
   0.98750     -.00462500
   0.99375     -.00234128
   1.00000     -.00000000
