   0.00000     -.00000000
   0.00625     -.00207019
   0.01250     -.00410694
   0.01875     -.00611668
   0.02500     -.00810581
   0.03125     -.01007579
   0.03750     -.01203757
   0.04375     -.01399261
   0.05000     -.01594231
   0.05625     -.01788646
   0.06250     -.01982778
   0.06875     -.02176655
   0.07500     -.02370303
   0.08125     -.02563646
   0.08750     -.02756787
   0.09375     -.02949728
   0.10000     -.03142470
   0.10625     -.03334905
   0.11250     -.03527115
   0.11875     -.03719098
   0.12500     -.03910847
   0.13125     -.04102229
   0.13750     -.04293338
   0.14375     -.04484173
   0.15000     -.04674723
   0.15625     -.04864835
   0.16250     -.05054617
   0.16875     -.05244071
   0.17500     -.05433189
   0.18125     -.05621791
   0.18750     -.05810004
   0.19375     -.05997835
   0.20000     -.06185274
   0.20625     -.06372118
   0.21250     -.06558513
   0.21875     -.06744469
   0.22500     -.06929976
   0.23125     -.07114808
   0.23750     -.07299128
   0.24375     -.07482949
   0.25000     -.07666263
   0.25625     -.07848821
   0.26250     -.08030799
   0.26875     -.08212218
   0.27500     -.08393068
   0.28125     -.08573077
   0.28750     -.08752435
   0.29375     -.08931171
   0.30000     -.09109273
   0.30625     -.09286444
   0.31250     -.09462889
   0.31875     -.09638643
   0.32500     -.09813695
   0.33125     -.09987719
   0.33750     -.10160935
   0.34375     -.10333386
   0.35000     -.10505059
   0.35625     -.10675598
   0.36250     -.10845237
   0.36875     -.11014027
   0.37500     -.11181953
   0.38125     -.11348625
   0.38750     -.11514286
   0.39375     -.11679000
   0.40000     -.11842748
   0.40625     -.12005089
   0.41250     -.12166281
   0.41875     -.12326393
   0.42500     -.12485398
   0.43125     -.12642780
   0.43750     -.12798797
   0.44375     -.12953515
   0.45000     -.13106882
   0.45625     -.13258209
   0.46250     -.13407706
   0.46875     -.13555387
   0.47500     -.13701104
   0.48125     -.13843610
   0.48750     -.13982843
   0.49375     -.14118538
   0.50000     -.14240373
   0.50625     -.14118538
   0.51250     -.13982843
   0.51875     -.13843610
   0.52500     -.13701104
   0.53125     -.13555387
   0.53750     -.13407706
   0.54375     -.13258209
   0.55000     -.13106882
   0.55625     -.12953515
   0.56250     -.12798797
   0.56875     -.12642780
   0.57500     -.12485398
   0.58125     -.12326393
   0.58750     -.12166281
   0.59375     -.12005089
   0.60000     -.11842748
   0.60625     -.11679000
   0.61250     -.11514286
   0.61875     -.11348625
   0.62500     -.11181953
   0.63125     -.11014027
   0.63750     -.10845237
   0.64375     -.10675598
   0.65000     -.10505059
   0.65625     -.10333386
   0.66250     -.10160935
   0.66875     -.09987719
   0.67500     -.09813695
   0.68125     -.09638643
   0.68750     -.09462889
   0.69375     -.09286444
   0.70000     -.09109273
   0.70625     -.08931171
   0.71250     -.08752435
   0.71875     -.08573077
   0.72500     -.08393068
   0.73125     -.08212218
   0.73750     -.08030799
   0.74375     -.07848821
   0.75000     -.07666263
   0.75625     -.07482949
   0.76250     -.07299128
   0.76875     -.07114808
   0.77500     -.06929976
   0.78125     -.06744469
   0.78750     -.06558513
   0.79375     -.06372118
   0.80000     -.06185274
   0.80625     -.05997835
   0.81250     -.05810004
   0.81875     -.05621791
   0.82500     -.05433189
   0.83125     -.05244071
   0.83750     -.05054617
   0.84375     -.04864835
   0.85000     -.04674723
   0.85625     -.04484173
   0.86250     -.04293338
   0.86875     -.04102229
   0.87500     -.03910847
   0.88125     -.03719098
   0.88750     -.03527115
   0.89375     -.03334905
   0.90000     -.03142470
   0.90625     -.02949728
   0.91250     -.02756787
   0.91875     -.02563646
   0.92500     -.02370303
   0.93125     -.02176655
   0.93750     -.01982778
   0.94375     -.01788646
   0.95000     -.01594231
   0.95625     -.01399261
   0.96250     -.01203757
   0.96875     -.01007579
   0.97500     -.00810581
   0.98125     -.00611668
   0.98750     -.00410694
   0.99375     -.00207019
   1.00000     -.00000000
