   0.00000     0.05972387
   0.00031     0.05772185
   0.00063     0.05571983
   0.00094     0.05371781
   0.00125     0.05171578
   0.00156     0.04963781
   0.00188     0.04755983
   0.00219     0.04548186
   0.00250     0.04340389
   0.00281     0.04162447
   0.00313     0.03984505
   0.00344     0.03806564
   0.00375     0.03628622
   0.00406     0.03477524
   0.00438     0.03326427
   0.00469     0.03175329
   0.00500     0.03024231
   0.00531     0.02896790
   0.00563     0.02769349
   0.00594     0.02641907
   0.00625     0.02514466
   0.00656     0.02407518
   0.00688     0.02300571
   0.00719     0.02193623
   0.00750     0.02086675
   0.00781     0.01997235
   0.00813     0.01907796
   0.00844     0.01818356
   0.00875     0.01728916
   0.00906     0.01654270
   0.00938     0.01579623
   0.00969     0.01504977
   0.01000     0.01430331
   0.01031     0.01368074
   0.01063     0.01305818
   0.01094     0.01243562
   0.01125     0.01181306
   0.01156     0.01129351
   0.01188     0.01077397
   0.01219     0.01025442
   0.01250     0.00973488
   0.01281     0.00930041
   0.01313     0.00886595
   0.01344     0.00843149
   0.01375     0.00799702
   0.01406     0.00763233
   0.01438     0.00726765
   0.01469     0.00690296
   0.01500     0.00653827
   0.01531     0.00623034
   0.01563     0.00592240
   0.01594     0.00561447
   0.01625     0.00530654
   0.01656     0.00504427
   0.01688     0.00478201
   0.01719     0.00451974
   0.01750     0.00425748
   0.01781     0.00403142
   0.01813     0.00380535
   0.01844     0.00357929
   0.01875     0.00335323
   0.01906     0.00315524
   0.01938     0.00295726
   0.01969     0.00275928
   0.02000     0.00256130
   0.02031     0.00238438
   0.02063     0.00220747
   0.02094     0.00203055
   0.02125     0.00185363
   0.02156     0.00169167
   0.02188     0.00152970
   0.02219     0.00136774
   0.02250     0.00120577
   0.02281     0.00105334
   0.02313     0.00090091
   0.02344     0.00074847
   0.02375     0.00059604
   0.02406     0.00044822
   0.02438     0.00030040
   0.02469     0.00015257
   0.02500     0.00000475
   0.02531     -.00014313
   0.02563     -.00029101
   0.02594     -.00043889
   0.02625     -.00058677
   0.02656     -.00073936
   0.02688     -.00089195
   0.02719     -.00104455
   0.02750     -.00119714
   0.02781     -.00135935
   0.02813     -.00152156
   0.02844     -.00168377
   0.02875     -.00184597
   0.02906     -.00202319
   0.02938     -.00220040
   0.02969     -.00237761
   0.03000     -.00255482
   0.03031     -.00275313
   0.03063     -.00295143
   0.03094     -.00314973
   0.03125     -.00334803
   0.03156     -.00357442
   0.03188     -.00380080
   0.03219     -.00402719
   0.03250     -.00425358
   0.03281     -.00451615
   0.03313     -.00477873
   0.03344     -.00504130
   0.03375     -.00530388
   0.03406     -.00561211
   0.03438     -.00592033
   0.03469     -.00622856
   0.03500     -.00653678
   0.03531     -.00690174
   0.03563     -.00726670
   0.03594     -.00763166
   0.03625     -.00799662
   0.03656     -.00843134
   0.03688     -.00886606
   0.03719     -.00930078
   0.03750     -.00973550
   0.03781     -.01025529
   0.03813     -.01077508
   0.03844     -.01129486
   0.03875     -.01181465
   0.03906     -.01243744
   0.03938     -.01306024
   0.03969     -.01368304
   0.04000     -.01430583
   0.04031     -.01505253
   0.04063     -.01579922
   0.04094     -.01654592
   0.04125     -.01729261
   0.04156     -.01818724
   0.04188     -.01908187
   0.04219     -.01997649
   0.04250     -.02087112
   0.04281     -.02194083
   0.04313     -.02301053
   0.04344     -.02408024
   0.04375     -.02514995
   0.04406     -.02642459
   0.04438     -.02769923
   0.04469     -.02897387
   0.04500     -.03024851
   0.04531     -.03175970
   0.04563     -.03327089
   0.04594     -.03478208
   0.04625     -.03629328
   0.04656     -.03807288
   0.04688     -.03985249
   0.04719     -.04163209
   0.04750     -.04341170
   0.04781     -.04548981
   0.04813     -.04756792
   0.04844     -.04964604
   0.04875     -.05172415
   0.04906     -.05372624
   0.04938     -.05572833
   0.04969     -.05773042
   0.05000     -.05973251
