   0.00000     -.00006131
   0.00031     -.00007595
   0.00063     -.00009058
   0.00094     -.00010521
   0.00125     -.00011984
   0.00156     -.00014767
   0.00188     -.00017549
   0.00219     -.00020331
   0.00250     -.00023114
   0.00281     -.00025589
   0.00313     -.00028064
   0.00344     -.00030540
   0.00375     -.00033015
   0.00406     -.00035162
   0.00438     -.00037309
   0.00469     -.00039456
   0.00500     -.00041604
   0.00531     -.00043433
   0.00563     -.00045263
   0.00594     -.00047092
   0.00625     -.00048922
   0.00656     -.00050462
   0.00688     -.00052003
   0.00719     -.00053544
   0.00750     -.00055084
   0.00781     -.00056372
   0.00813     -.00057659
   0.00844     -.00058946
   0.00875     -.00060234
   0.00906     -.00061303
   0.00938     -.00062373
   0.00969     -.00063443
   0.01000     -.00064513
   0.01031     -.00065398
   0.01063     -.00066283
   0.01094     -.00067167
   0.01125     -.00068052
   0.01156     -.00068781
   0.01188     -.00069510
   0.01219     -.00070239
   0.01250     -.00070968
   0.01281     -.00071565
   0.01313     -.00072162
   0.01344     -.00072759
   0.01375     -.00073357
   0.01406     -.00073843
   0.01438     -.00074329
   0.01469     -.00074815
   0.01500     -.00075302
   0.01531     -.00075694
   0.01563     -.00076086
   0.01594     -.00076479
   0.01625     -.00076871
   0.01656     -.00077184
   0.01688     -.00077496
   0.01719     -.00077809
   0.01750     -.00078121
   0.01781     -.00078365
   0.01813     -.00078609
   0.01844     -.00078853
   0.01875     -.00079097
   0.01906     -.00079282
   0.01938     -.00079466
   0.01969     -.00079651
   0.02000     -.00079836
   0.02031     -.00079969
   0.02063     -.00080102
   0.02094     -.00080235
   0.02125     -.00080368
   0.02156     -.00080456
   0.02188     -.00080544
   0.02219     -.00080632
   0.02250     -.00080720
   0.02281     -.00080769
   0.02313     -.00080818
   0.02344     -.00080867
   0.02375     -.00080916
   0.02406     -.00080931
   0.02438     -.00080945
   0.02469     -.00080960
   0.02500     -.00080974
   0.02531     -.00080956
   0.02563     -.00080938
   0.02594     -.00080920
   0.02625     -.00080902
   0.02656     -.00080851
   0.02688     -.00080799
   0.02719     -.00080747
   0.02750     -.00080696
   0.02781     -.00080606
   0.02813     -.00080516
   0.02844     -.00080427
   0.02875     -.00080337
   0.02906     -.00080204
   0.02938     -.00080070
   0.02969     -.00079936
   0.03000     -.00079803
   0.03031     -.00079618
   0.03063     -.00079434
   0.03094     -.00079249
   0.03125     -.00079064
   0.03156     -.00078821
   0.03188     -.00078577
   0.03219     -.00078333
   0.03250     -.00078090
   0.03281     -.00077778
   0.03313     -.00077466
   0.03344     -.00077154
   0.03375     -.00076842
   0.03406     -.00076450
   0.03438     -.00076058
   0.03469     -.00075666
   0.03500     -.00075274
   0.03531     -.00074788
   0.03563     -.00074302
   0.03594     -.00073817
   0.03625     -.00073331
   0.03656     -.00072734
   0.03688     -.00072137
   0.03719     -.00071540
   0.03750     -.00070943
   0.03781     -.00070215
   0.03813     -.00069486
   0.03844     -.00068758
   0.03875     -.00068029
   0.03906     -.00067145
   0.03938     -.00066260
   0.03969     -.00065375
   0.04000     -.00064491
   0.04031     -.00063421
   0.04063     -.00062352
   0.04094     -.00061282
   0.04125     -.00060213
   0.04156     -.00058926
   0.04188     -.00057638
   0.04219     -.00056351
   0.04250     -.00055064
   0.04281     -.00053524
   0.04313     -.00051983
   0.04344     -.00050443
   0.04375     -.00048902
   0.04406     -.00047073
   0.04438     -.00045244
   0.04469     -.00043414
   0.04500     -.00041585
   0.04531     -.00039438
   0.04563     -.00037291
   0.04594     -.00035145
   0.04625     -.00032998
   0.04656     -.00030523
   0.04688     -.00028049
   0.04719     -.00025574
   0.04750     -.00023100
   0.04781     -.00020319
   0.04813     -.00017538
   0.04844     -.00014757
   0.04875     -.00011976
   0.04906     -.00010514
   0.04938     -.00009051
   0.04969     -.00007589
   0.05000     -.00006127
