   0.00000     -.00014265
   0.00031     -.00017619
   0.00062     -.00020974
   0.00094     -.00024328
   0.00125     -.00027683
   0.00156     -.00033932
   0.00187     -.00040182
   0.00219     -.00046431
   0.00250     -.00052680
   0.00281     -.00057965
   0.00312     -.00063249
   0.00344     -.00068534
   0.00375     -.00073818
   0.00406     -.00078130
   0.00437     -.00082442
   0.00469     -.00086754
   0.00500     -.00091066
   0.00531     -.00094530
   0.00562     -.00097994
   0.00594     -.00101459
   0.00625     -.00104923
   0.00656     -.00107701
   0.00688     -.00110480
   0.00719     -.00113258
   0.00750     -.00116036
   0.00781     -.00118274
   0.00813     -.00120512
   0.00844     -.00122749
   0.00875     -.00124987
   0.00906     -.00126798
   0.00938     -.00128609
   0.00969     -.00130420
   0.01000     -.00132231
   0.01031     -.00133702
   0.01063     -.00135172
   0.01094     -.00136643
   0.01125     -.00138114
   0.01156     -.00139311
   0.01188     -.00140507
   0.01219     -.00141704
   0.01250     -.00142901
   0.01281     -.00143874
   0.01313     -.00144847
   0.01344     -.00145821
   0.01375     -.00146794
   0.01406     -.00147583
   0.01438     -.00148372
   0.01469     -.00149162
   0.01500     -.00149951
   0.01531     -.00150587
   0.01563     -.00151224
   0.01594     -.00151860
   0.01625     -.00152496
   0.01656     -.00153004
   0.01688     -.00153511
   0.01719     -.00154019
   0.01750     -.00154527
   0.01781     -.00154925
   0.01813     -.00155324
   0.01844     -.00155722
   0.01875     -.00156121
   0.01906     -.00156425
   0.01938     -.00156730
   0.01969     -.00157034
   0.02000     -.00157339
   0.02031     -.00157562
   0.02063     -.00157785
   0.02094     -.00158007
   0.02125     -.00158230
   0.02156     -.00158381
   0.02188     -.00158532
   0.02219     -.00158683
   0.02250     -.00158834
   0.02281     -.00158920
   0.02313     -.00159007
   0.02344     -.00159094
   0.02375     -.00159181
   0.02406     -.00159209
   0.02438     -.00159238
   0.02469     -.00159266
   0.02500     -.00159294
   0.02531     -.00159266
   0.02562     -.00159238
   0.02594     -.00159210
   0.02625     -.00159181
   0.02656     -.00159095
   0.02687     -.00159008
   0.02719     -.00158921
   0.02750     -.00158834
   0.02781     -.00158684
   0.02812     -.00158533
   0.02844     -.00158382
   0.02875     -.00158231
   0.02906     -.00158008
   0.02937     -.00157786
   0.02969     -.00157563
   0.03000     -.00157340
   0.03031     -.00157035
   0.03062     -.00156730
   0.03094     -.00156426
   0.03125     -.00156121
   0.03156     -.00155722
   0.03188     -.00155323
   0.03219     -.00154925
   0.03250     -.00154526
   0.03281     -.00154018
   0.03313     -.00153509
   0.03344     -.00153001
   0.03375     -.00152493
   0.03406     -.00151856
   0.03438     -.00151219
   0.03469     -.00150582
   0.03500     -.00149945
   0.03531     -.00149154
   0.03563     -.00148364
   0.03594     -.00147573
   0.03625     -.00146783
   0.03656     -.00145808
   0.03688     -.00144833
   0.03719     -.00143858
   0.03750     -.00142883
   0.03781     -.00141683
   0.03813     -.00140484
   0.03844     -.00139285
   0.03875     -.00138086
   0.03906     -.00136612
   0.03938     -.00135138
   0.03969     -.00133663
   0.04000     -.00132189
   0.04031     -.00130373
   0.04063     -.00128558
   0.04094     -.00126742
   0.04125     -.00124927
   0.04156     -.00122682
   0.04188     -.00120438
   0.04219     -.00118194
   0.04250     -.00115950
   0.04281     -.00113162
   0.04313     -.00110375
   0.04344     -.00107588
   0.04375     -.00104800
   0.04406     -.00101325
   0.04438     -.00097850
   0.04469     -.00094375
   0.04500     -.00090900
   0.04531     -.00086578
   0.04563     -.00082256
   0.04594     -.00077935
   0.04625     -.00073613
   0.04656     -.00068328
   0.04688     -.00063043
   0.04719     -.00057758
   0.04750     -.00052472
   0.04781     -.00046240
   0.04813     -.00040008
   0.04844     -.00033776
   0.04875     -.00027544
   0.04906     -.00024204
   0.04938     -.00020865
   0.04969     -.00017525
   0.05000     -.00014185
