   0.00000     0.05027607
   0.00031     0.04951770
   0.00062     0.04875933
   0.00094     0.04800096
   0.00125     0.04724258
   0.00156     0.04608643
   0.00187     0.04493028
   0.00219     0.04377412
   0.00250     0.04261797
   0.00281     0.04129596
   0.00312     0.03997395
   0.00344     0.03865195
   0.00375     0.03732994
   0.00406     0.03600086
   0.00437     0.03467177
   0.00469     0.03334269
   0.00500     0.03201360
   0.00531     0.03078024
   0.00562     0.02954688
   0.00594     0.02831353
   0.00625     0.02708017
   0.00656     0.02598773
   0.00688     0.02489530
   0.00719     0.02380286
   0.00750     0.02271042
   0.00781     0.02176766
   0.00813     0.02082489
   0.00844     0.01988213
   0.00875     0.01893936
   0.00906     0.01813748
   0.00938     0.01733560
   0.00969     0.01653373
   0.01000     0.01573185
   0.01031     0.01505522
   0.01063     0.01437859
   0.01094     0.01370196
   0.01125     0.01302533
   0.01156     0.01245659
   0.01188     0.01188786
   0.01219     0.01131912
   0.01250     0.01075038
   0.01281     0.01027274
   0.01313     0.00979510
   0.01344     0.00931747
   0.01375     0.00883983
   0.01406     0.00843800
   0.01438     0.00803617
   0.01469     0.00763434
   0.01500     0.00723251
   0.01531     0.00689294
   0.01563     0.00655337
   0.01594     0.00621380
   0.01625     0.00587423
   0.01656     0.00558508
   0.01688     0.00529592
   0.01719     0.00500676
   0.01750     0.00471760
   0.01781     0.00446849
   0.01813     0.00421938
   0.01844     0.00397027
   0.01875     0.00372116
   0.01906     0.00350297
   0.01938     0.00328478
   0.01969     0.00306659
   0.02000     0.00284841
   0.02031     0.00265301
   0.02063     0.00245761
   0.02094     0.00226221
   0.02125     0.00206682
   0.02156     0.00188695
   0.02188     0.00170709
   0.02219     0.00152722
   0.02250     0.00134735
   0.02281     0.00117674
   0.02313     0.00100613
   0.02344     0.00083552
   0.02375     0.00066491
   0.02406     0.00049845
   0.02438     0.00033199
   0.02469     0.00016552
   0.02500     -.00000094
   0.02531     -.00016744
   0.02562     -.00033393
   0.02594     -.00050043
   0.02625     -.00066693
   0.02656     -.00083765
   0.02687     -.00100838
   0.02719     -.00117910
   0.02750     -.00134982
   0.02781     -.00152987
   0.02812     -.00170992
   0.02844     -.00188997
   0.02875     -.00207002
   0.02906     -.00226567
   0.02937     -.00246133
   0.02969     -.00265699
   0.03000     -.00285264
   0.03031     -.00307117
   0.03062     -.00328970
   0.03094     -.00350823
   0.03125     -.00372676
   0.03156     -.00397630
   0.03188     -.00422584
   0.03219     -.00447539
   0.03250     -.00472493
   0.03281     -.00501462
   0.03313     -.00530431
   0.03344     -.00559401
   0.03375     -.00588370
   0.03406     -.00622391
   0.03438     -.00656413
   0.03469     -.00690434
   0.03500     -.00724456
   0.03531     -.00764716
   0.03563     -.00804976
   0.03594     -.00845236
   0.03625     -.00885496
   0.03656     -.00933348
   0.03688     -.00981201
   0.03719     -.01029054
   0.03750     -.01076907
   0.03781     -.01133880
   0.03813     -.01190853
   0.03844     -.01247826
   0.03875     -.01304799
   0.03906     -.01372565
   0.03938     -.01440331
   0.03969     -.01508097
   0.04000     -.01575863
   0.04031     -.01656143
   0.04063     -.01736423
   0.04094     -.01816704
   0.04125     -.01896984
   0.04156     -.01991310
   0.04188     -.02085636
   0.04219     -.02179962
   0.04250     -.02274288
   0.04281     -.02383469
   0.04313     -.02492651
   0.04344     -.02601832
   0.04375     -.02711013
   0.04406     -.02834038
   0.04438     -.02957063
   0.04469     -.03080087
   0.04500     -.03203112
   0.04531     -.03335248
   0.04563     -.03467384
   0.04594     -.03599520
   0.04625     -.03731656
   0.04656     -.03862500
   0.04688     -.03993344
   0.04719     -.04124188
   0.04750     -.04255032
   0.04781     -.04369016
   0.04813     -.04483000
   0.04844     -.04596983
   0.04875     -.04710967
   0.04906     -.04785751
   0.04938     -.04860535
   0.04969     -.04935319
   0.05000     -.05010103
