   0.00000     0.00000000
   0.00625     -.00197230
   0.01250     -.00385280
   0.01875     -.00566798
   0.02500     -.00743488
   0.03125     -.00916431
   0.03750     -.01086311
   0.04375     -.01253558
   0.05000     -.01418437
   0.05625     -.01581113
   0.06250     -.01741682
   0.06875     -.01900200
   0.07500     -.02056697
   0.08125     -.02211188
   0.08750     -.02363674
   0.09375     -.02514152
   0.10000     -.02662615
   0.10625     -.02808908
   0.11250     -.02953164
   0.11875     -.03095369
   0.12500     -.03235513
   0.13125     -.03373583
   0.13750     -.03509567
   0.14375     -.03643453
   0.15000     -.03775229
   0.15625     -.03904883
   0.16250     -.04032404
   0.16875     -.04157782
   0.17500     -.04281005
   0.18125     -.04402062
   0.18750     -.04520944
   0.19375     -.04637640
   0.20000     -.04752141
   0.20625     -.04864278
   0.21250     -.04974200
   0.21875     -.05081898
   0.22500     -.05187362
   0.23125     -.05290584
   0.23750     -.05391555
   0.24375     -.05490269
   0.25000     -.05586716
   0.25625     -.05680889
   0.26250     -.05772782
   0.26875     -.05862385
   0.27500     -.05949693
   0.28125     -.06034699
   0.28750     -.06117396
   0.29375     -.06197778
   0.30000     -.06275838
   0.30625     -.06351405
   0.31250     -.06424637
   0.31875     -.06495530
   0.32500     -.06564077
   0.33125     -.06630275
   0.33750     -.06694117
   0.34375     -.06755600
   0.35000     -.06814719
   0.35625     -.06871468
   0.36250     -.06925845
   0.36875     -.06977844
   0.37500     -.07027463
   0.38125     -.07074697
   0.38750     -.07119543
   0.39375     -.07161998
   0.40000     -.07202059
   0.40625     -.07239550
   0.41250     -.07274641
   0.41875     -.07307329
   0.42500     -.07337612
   0.43125     -.07365487
   0.43750     -.07390952
   0.44375     -.07414006
   0.45000     -.07434647
   0.45625     -.07452873
   0.46250     -.07468683
   0.46875     -.07482076
   0.47500     -.07493052
   0.48125     -.07501608
   0.48750     -.07507744
   0.49375     -.07511461
   0.50000     -.07512758
   0.50625     -.07511461
   0.51250     -.07507744
   0.51875     -.07501608
   0.52500     -.07493052
   0.53125     -.07482076
   0.53750     -.07468683
   0.54375     -.07452873
   0.55000     -.07434647
   0.55625     -.07414006
   0.56250     -.07390952
   0.56875     -.07365487
   0.57500     -.07337612
   0.58125     -.07307329
   0.58750     -.07274641
   0.59375     -.07239550
   0.60000     -.07202059
   0.60625     -.07161998
   0.61250     -.07119543
   0.61875     -.07074697
   0.62500     -.07027463
   0.63125     -.06977844
   0.63750     -.06925845
   0.64375     -.06871468
   0.65000     -.06814719
   0.65625     -.06755600
   0.66250     -.06694117
   0.66875     -.06630275
   0.67500     -.06564077
   0.68125     -.06495530
   0.68750     -.06424637
   0.69375     -.06351405
   0.70000     -.06275838
   0.70625     -.06197778
   0.71250     -.06117396
   0.71875     -.06034699
   0.72500     -.05949693
   0.73125     -.05862385
   0.73750     -.05772782
   0.74375     -.05680889
   0.75000     -.05586716
   0.75625     -.05490269
   0.76250     -.05391555
   0.76875     -.05290584
   0.77500     -.05187362
   0.78125     -.05081898
   0.78750     -.04974200
   0.79375     -.04864278
   0.80000     -.04752141
   0.80625     -.04637640
   0.81250     -.04520944
   0.81875     -.04402062
   0.82500     -.04281005
   0.83125     -.04157782
   0.83750     -.04032404
   0.84375     -.03904883
   0.85000     -.03775229
   0.85625     -.03643453
   0.86250     -.03509567
   0.86875     -.03373583
   0.87500     -.03235513
   0.88125     -.03095369
   0.88750     -.02953164
   0.89375     -.02808908
   0.90000     -.02662615
   0.90625     -.02514152
   0.91250     -.02363674
   0.91875     -.02211188
   0.92500     -.02056697
   0.93125     -.01900200
   0.93750     -.01741682
   0.94375     -.01581113
   0.95000     -.01418437
   0.95625     -.01253558
   0.96250     -.01086311
   0.96875     -.00916431
   0.97500     -.00743488
   0.98125     -.00566798
   0.98750     -.00385280
   0.99375     -.00197230
   1.00000     -.00000000
