   0.00000     -.00009193
   0.00031     -.00011445
   0.00062     -.00013696
   0.00094     -.00015948
   0.00125     -.00018199
   0.00156     -.00022568
   0.00187     -.00026937
   0.00219     -.00031306
   0.00250     -.00035675
   0.00281     -.00039797
   0.00312     -.00043919
   0.00344     -.00048042
   0.00375     -.00052164
   0.00406     -.00056035
   0.00437     -.00059907
   0.00469     -.00063778
   0.00500     -.00067649
   0.00531     -.00071267
   0.00562     -.00074884
   0.00594     -.00078502
   0.00625     -.00082119
   0.00656     -.00085481
   0.00688     -.00088843
   0.00719     -.00092205
   0.00750     -.00095567
   0.00781     -.00098673
   0.00813     -.00101780
   0.00844     -.00104886
   0.00875     -.00107993
   0.00906     -.00110845
   0.00938     -.00113697
   0.00969     -.00116550
   0.01000     -.00119402
   0.01031     -.00122003
   0.01063     -.00124603
   0.01094     -.00127204
   0.01125     -.00129805
   0.01156     -.00132158
   0.01188     -.00134511
   0.01219     -.00136863
   0.01250     -.00139216
   0.01281     -.00141325
   0.01313     -.00143434
   0.01344     -.00145543
   0.01375     -.00147652
   0.01406     -.00149521
   0.01438     -.00151391
   0.01469     -.00153261
   0.01500     -.00155130
   0.01531     -.00156766
   0.01563     -.00158401
   0.01594     -.00160036
   0.01625     -.00161671
   0.01656     -.00163077
   0.01688     -.00164482
   0.01719     -.00165888
   0.01750     -.00167293
   0.01781     -.00168473
   0.01813     -.00169653
   0.01844     -.00170833
   0.01875     -.00172014
   0.01906     -.00172972
   0.01938     -.00173931
   0.01969     -.00174890
   0.02000     -.00175849
   0.02031     -.00176590
   0.02063     -.00177332
   0.02094     -.00178073
   0.02125     -.00178814
   0.02156     -.00179340
   0.02188     -.00179866
   0.02219     -.00180393
   0.02250     -.00180919
   0.02281     -.00181233
   0.02313     -.00181546
   0.02344     -.00181860
   0.02375     -.00182173
   0.02406     -.00182275
   0.02438     -.00182377
   0.02469     -.00182479
   0.02500     -.00182581
   0.02531     -.00182472
   0.02562     -.00182363
   0.02594     -.00182254
   0.02625     -.00182145
   0.02656     -.00181824
   0.02687     -.00181504
   0.02719     -.00181183
   0.02750     -.00180863
   0.02781     -.00180330
   0.02812     -.00179796
   0.02844     -.00179263
   0.02875     -.00178730
   0.02906     -.00177982
   0.02937     -.00177234
   0.02969     -.00176486
   0.03000     -.00175738
   0.03031     -.00174772
   0.03062     -.00173807
   0.03094     -.00172841
   0.03125     -.00171875
   0.03156     -.00170689
   0.03188     -.00169502
   0.03219     -.00168316
   0.03250     -.00167129
   0.03281     -.00165717
   0.03313     -.00164306
   0.03344     -.00162894
   0.03375     -.00161483
   0.03406     -.00159842
   0.03438     -.00158201
   0.03469     -.00156560
   0.03500     -.00154920
   0.03531     -.00153045
   0.03563     -.00151171
   0.03594     -.00149296
   0.03625     -.00147421
   0.03656     -.00145309
   0.03688     -.00143196
   0.03719     -.00141083
   0.03750     -.00138970
   0.03781     -.00136614
   0.03813     -.00134259
   0.03844     -.00131904
   0.03875     -.00129548
   0.03906     -.00126946
   0.03938     -.00124344
   0.03969     -.00121742
   0.04000     -.00119140
   0.04031     -.00116288
   0.04063     -.00113437
   0.04094     -.00110585
   0.04125     -.00107733
   0.04156     -.00104629
   0.04188     -.00101526
   0.04219     -.00098422
   0.04250     -.00095318
   0.04281     -.00091961
   0.04313     -.00088604
   0.04344     -.00085247
   0.04375     -.00081890
   0.04406     -.00078280
   0.04438     -.00074670
   0.04469     -.00071060
   0.04500     -.00067450
   0.04531     -.00063588
   0.04563     -.00059727
   0.04594     -.00055865
   0.04625     -.00052003
   0.04656     -.00047893
   0.04688     -.00043782
   0.04719     -.00039672
   0.04750     -.00035562
   0.04781     -.00031206
   0.04813     -.00026851
   0.04844     -.00022496
   0.04875     -.00018140
   0.04906     -.00015897
   0.04938     -.00013654
   0.04969     -.00011410
   0.05000     -.00009167
