   0.00000     0.03861393
   0.00031     0.03810201
   0.00063     0.03759010
   0.00094     0.03707818
   0.00125     0.03656626
   0.00156     0.03598253
   0.00188     0.03539879
   0.00219     0.03481506
   0.00250     0.03423133
   0.00281     0.03366427
   0.00313     0.03309721
   0.00344     0.03253015
   0.00375     0.03196309
   0.00406     0.03141177
   0.00438     0.03086045
   0.00469     0.03030913
   0.00500     0.02975781
   0.00531     0.02922131
   0.00563     0.02868480
   0.00594     0.02814829
   0.00625     0.02761179
   0.00656     0.02708916
   0.00688     0.02656653
   0.00719     0.02604391
   0.00750     0.02552128
   0.00781     0.02501160
   0.00813     0.02450192
   0.00844     0.02399224
   0.00875     0.02348255
   0.00906     0.02298489
   0.00938     0.02248722
   0.00969     0.02198955
   0.01000     0.02149189
   0.01031     0.02100530
   0.01063     0.02051871
   0.01094     0.02003213
   0.01125     0.01954554
   0.01156     0.01906910
   0.01188     0.01859266
   0.01219     0.01811622
   0.01250     0.01763979
   0.01281     0.01717257
   0.01313     0.01670535
   0.01344     0.01623813
   0.01375     0.01577091
   0.01406     0.01531198
   0.01438     0.01485304
   0.01469     0.01439411
   0.01500     0.01393518
   0.01531     0.01348361
   0.01563     0.01303204
   0.01594     0.01258047
   0.01625     0.01212890
   0.01656     0.01168376
   0.01688     0.01123863
   0.01719     0.01079349
   0.01750     0.01034835
   0.01781     0.00990873
   0.01813     0.00946910
   0.01844     0.00902948
   0.01875     0.00858985
   0.01906     0.00815482
   0.01938     0.00771978
   0.01969     0.00728475
   0.02000     0.00684971
   0.02031     0.00641834
   0.02063     0.00598697
   0.02094     0.00555561
   0.02125     0.00512424
   0.02156     0.00469562
   0.02188     0.00426700
   0.02219     0.00383838
   0.02250     0.00340977
   0.02281     0.00298298
   0.02313     0.00255619
   0.02344     0.00212941
   0.02375     0.00170262
   0.02406     0.00127675
   0.02438     0.00085088
   0.02469     0.00042501
   0.02500     -.00000086
   0.02531     -.00042674
   0.02563     -.00085261
   0.02594     -.00127848
   0.02625     -.00170435
   0.02656     -.00213114
   0.02688     -.00255793
   0.02719     -.00298472
   0.02750     -.00341151
   0.02781     -.00384014
   0.02813     -.00426876
   0.02844     -.00469739
   0.02875     -.00512601
   0.02906     -.00555739
   0.02938     -.00598876
   0.02969     -.00642014
   0.03000     -.00685152
   0.03031     -.00728656
   0.03063     -.00772161
   0.03094     -.00815666
   0.03125     -.00859170
   0.03156     -.00903134
   0.03188     -.00947098
   0.03219     -.00991062
   0.03250     -.01035025
   0.03281     -.01079540
   0.03313     -.01124055
   0.03344     -.01168570
   0.03375     -.01213085
   0.03406     -.01258244
   0.03438     -.01303403
   0.03469     -.01348561
   0.03500     -.01393720
   0.03531     -.01439615
   0.03563     -.01485510
   0.03594     -.01531405
   0.03625     -.01577299
   0.03656     -.01624023
   0.03688     -.01670747
   0.03719     -.01717471
   0.03750     -.01764194
   0.03781     -.01811840
   0.03813     -.01859486
   0.03844     -.01907131
   0.03875     -.01954777
   0.03906     -.02003438
   0.03938     -.02052098
   0.03969     -.02100759
   0.04000     -.02149419
   0.04031     -.02199188
   0.04063     -.02248956
   0.04094     -.02298725
   0.04125     -.02348494
   0.04156     -.02399463
   0.04188     -.02450433
   0.04219     -.02501403
   0.04250     -.02552373
   0.04281     -.02604638
   0.04313     -.02656902
   0.04344     -.02709167
   0.04375     -.02761431
   0.04406     -.02815083
   0.04438     -.02868736
   0.04469     -.02922388
   0.04500     -.02976040
   0.04531     -.03031173
   0.04563     -.03086307
   0.04594     -.03141440
   0.04625     -.03196573
   0.04656     -.03253281
   0.04688     -.03309988
   0.04719     -.03366695
   0.04750     -.03423403
   0.04781     -.03481777
   0.04813     -.03540151
   0.04844     -.03598526
   0.04875     -.03656900
   0.04906     -.03708093
   0.04938     -.03759285
   0.04969     -.03810478
   0.05000     -.03861671
