   0.00000     0.03683997
   0.00031     0.03643917
   0.00062     0.03603836
   0.00094     0.03563756
   0.00125     0.03523675
   0.00156     0.03477080
   0.00187     0.03430486
   0.00219     0.03383891
   0.00250     0.03337297
   0.00281     0.03290474
   0.00312     0.03243652
   0.00344     0.03196829
   0.00375     0.03150006
   0.00406     0.03103006
   0.00437     0.03056005
   0.00469     0.03009005
   0.00500     0.02962004
   0.00531     0.02914885
   0.00562     0.02867765
   0.00594     0.02820646
   0.00625     0.02773526
   0.00656     0.02726350
   0.00688     0.02679175
   0.00719     0.02631999
   0.00750     0.02584823
   0.00781     0.02537654
   0.00813     0.02490485
   0.00844     0.02443316
   0.00875     0.02396147
   0.00906     0.02349042
   0.00938     0.02301938
   0.00969     0.02254833
   0.01000     0.02207729
   0.01031     0.02160738
   0.01063     0.02113748
   0.01094     0.02066758
   0.01125     0.02019768
   0.01156     0.01972933
   0.01188     0.01926097
   0.01219     0.01879262
   0.01250     0.01832426
   0.01281     0.01785774
   0.01313     0.01739122
   0.01344     0.01692470
   0.01375     0.01645818
   0.01406     0.01599366
   0.01438     0.01552914
   0.01469     0.01506462
   0.01500     0.01460011
   0.01531     0.01413765
   0.01563     0.01367520
   0.01594     0.01321274
   0.01625     0.01275029
   0.01656     0.01228985
   0.01688     0.01182942
   0.01719     0.01136898
   0.01750     0.01090855
   0.01781     0.01045000
   0.01813     0.00999145
   0.01844     0.00953291
   0.01875     0.00907436
   0.01906     0.00861749
   0.01938     0.00816063
   0.01969     0.00770376
   0.02000     0.00724690
   0.02031     0.00679145
   0.02063     0.00633600
   0.02094     0.00588056
   0.02125     0.00542511
   0.02156     0.00497077
   0.02188     0.00451644
   0.02219     0.00406210
   0.02250     0.00360776
   0.02281     0.00315420
   0.02313     0.00270063
   0.02344     0.00224706
   0.02375     0.00179350
   0.02406     0.00134035
   0.02438     0.00088719
   0.02469     0.00043404
   0.02500     -.00001911
   0.02531     -.00047222
   0.02562     -.00092532
   0.02594     -.00137843
   0.02625     -.00183154
   0.02656     -.00228496
   0.02687     -.00273838
   0.02719     -.00319181
   0.02750     -.00364523
   0.02781     -.00409932
   0.02812     -.00455342
   0.02844     -.00500751
   0.02875     -.00546161
   0.02906     -.00591670
   0.02937     -.00637180
   0.02969     -.00682690
   0.03000     -.00728200
   0.03031     -.00773840
   0.03062     -.00819480
   0.03094     -.00865120
   0.03125     -.00910760
   0.03156     -.00956556
   0.03188     -.01002351
   0.03219     -.01048147
   0.03250     -.01093943
   0.03281     -.01139914
   0.03313     -.01185885
   0.03344     -.01231856
   0.03375     -.01277827
   0.03406     -.01323985
   0.03438     -.01370143
   0.03469     -.01416302
   0.03500     -.01462460
   0.03531     -.01508810
   0.03563     -.01555159
   0.03594     -.01601508
   0.03625     -.01647858
   0.03656     -.01694392
   0.03688     -.01740926
   0.03719     -.01787460
   0.03750     -.01833994
   0.03781     -.01880696
   0.03813     -.01927399
   0.03844     -.01974101
   0.03875     -.02020803
   0.03906     -.02067646
   0.03938     -.02114489
   0.03969     -.02161332
   0.04000     -.02208175
   0.04031     -.02255122
   0.04063     -.02302068
   0.04094     -.02349014
   0.04125     -.02395961
   0.04156     -.02442964
   0.04188     -.02489968
   0.04219     -.02536971
   0.04250     -.02583974
   0.04281     -.02630982
   0.04313     -.02677990
   0.04344     -.02724997
   0.04375     -.02772005
   0.04406     -.02818960
   0.04438     -.02865916
   0.04469     -.02912871
   0.04500     -.02959827
   0.04531     -.03006674
   0.04563     -.03053521
   0.04594     -.03100368
   0.04625     -.03147214
   0.04656     -.03193900
   0.04688     -.03240586
   0.04719     -.03287272
   0.04750     -.03333958
   0.04781     -.03380439
   0.04813     -.03426920
   0.04844     -.03473400
   0.04875     -.03519881
   0.04906     -.03559882
   0.04938     -.03599883
   0.04969     -.03639884
   0.05000     -.03679885
