   0.00000     -.00000000
   0.00625     -.00001644
   0.01250     -.00003173
   0.01875     -.00004632
   0.02500     -.00006068
   0.03125     -.00007494
   0.03750     -.00008918
   0.04375     -.00010340
   0.05000     -.00011760
   0.05625     -.00013177
   0.06250     -.00014591
   0.06875     -.00016002
   0.07500     -.00017410
   0.08125     -.00018813
   0.08750     -.00020212
   0.09375     -.00021607
   0.10000     -.00022997
   0.10625     -.00024381
   0.11250     -.00025759
   0.11875     -.00027132
   0.12500     -.00028500
   0.13125     -.00029858
   0.13750     -.00031211
   0.14375     -.00032556
   0.15000     -.00033895
   0.15625     -.00035223
   0.16250     -.00036544
   0.16875     -.00037857
   0.17500     -.00039161
   0.18125     -.00040454
   0.18750     -.00041737
   0.19375     -.00043012
   0.20000     -.00044277
   0.20625     -.00045528
   0.21250     -.00046769
   0.21875     -.00048000
   0.22500     -.00049220
   0.23125     -.00050424
   0.23750     -.00051617
   0.24375     -.00052799
   0.25000     -.00053968
   0.25625     -.00055120
   0.26250     -.00056260
   0.26875     -.00057386
   0.27500     -.00058500
   0.28125     -.00059594
   0.28750     -.00060674
   0.29375     -.00061740
   0.30000     -.00062792
   0.30625     -.00063824
   0.31250     -.00064839
   0.31875     -.00065839
   0.32500     -.00066824
   0.33125     -.00067787
   0.33750     -.00068731
   0.34375     -.00069660
   0.35000     -.00070572
   0.35625     -.00071459
   0.36250     -.00072328
   0.36875     -.00073179
   0.37500     -.00074012
   0.38125     -.00074819
   0.38750     -.00075605
   0.39375     -.00076373
   0.40000     -.00077120
   0.40625     -.00077840
   0.41250     -.00078538
   0.41875     -.00079215
   0.42500     -.00079871
   0.43125     -.00080497
   0.43750     -.00081098
   0.44375     -.00081678
   0.45000     -.00082234
   0.45625     -.00082758
   0.46250     -.00083254
   0.46875     -.00083726
   0.47500     -.00084170
   0.48125     -.00084574
   0.48750     -.00084931
   0.49375     -.00085224
   0.50000     -.00085431
   0.50625     -.00085224
   0.51250     -.00084931
   0.51875     -.00084574
   0.52500     -.00084170
   0.53125     -.00083726
   0.53750     -.00083254
   0.54375     -.00082758
   0.55000     -.00082234
   0.55625     -.00081678
   0.56250     -.00081098
   0.56875     -.00080497
   0.57500     -.00079871
   0.58125     -.00079215
   0.58750     -.00078538
   0.59375     -.00077840
   0.60000     -.00077120
   0.60625     -.00076373
   0.61250     -.00075605
   0.61875     -.00074819
   0.62500     -.00074012
   0.63125     -.00073179
   0.63750     -.00072328
   0.64375     -.00071459
   0.65000     -.00070572
   0.65625     -.00069660
   0.66250     -.00068731
   0.66875     -.00067787
   0.67500     -.00066824
   0.68125     -.00065839
   0.68750     -.00064839
   0.69375     -.00063824
   0.70000     -.00062792
   0.70625     -.00061740
   0.71250     -.00060674
   0.71875     -.00059594
   0.72500     -.00058500
   0.73125     -.00057386
   0.73750     -.00056260
   0.74375     -.00055120
   0.75000     -.00053968
   0.75625     -.00052799
   0.76250     -.00051617
   0.76875     -.00050424
   0.77500     -.00049220
   0.78125     -.00048000
   0.78750     -.00046769
   0.79375     -.00045528
   0.80000     -.00044277
   0.80625     -.00043012
   0.81250     -.00041737
   0.81875     -.00040454
   0.82500     -.00039161
   0.83125     -.00037857
   0.83750     -.00036544
   0.84375     -.00035223
   0.85000     -.00033895
   0.85625     -.00032556
   0.86250     -.00031211
   0.86875     -.00029858
   0.87500     -.00028500
   0.88125     -.00027132
   0.88750     -.00025759
   0.89375     -.00024381
   0.90000     -.00022997
   0.90625     -.00021607
   0.91250     -.00020212
   0.91875     -.00018813
   0.92500     -.00017410
   0.93125     -.00016002
   0.93750     -.00014591
   0.94375     -.00013177
   0.95000     -.00011760
   0.95625     -.00010340
   0.96250     -.00008918
   0.96875     -.00007494
   0.97500     -.00006068
   0.98125     -.00004632
   0.98750     -.00003173
   0.99375     -.00001644
   1.00000     -.00000000
