   0.00000     0.00000000
   0.00625     -.00001282
   0.01250     -.00002442
   0.01875     -.00003528
   0.02500     -.00004586
   0.03125     -.00005629
   0.03750     -.00006666
   0.04375     -.00007698
   0.05000     -.00008723
   0.05625     -.00009740
   0.06250     -.00010751
   0.06875     -.00011756
   0.07500     -.00012753
   0.08125     -.00013741
   0.08750     -.00014721
   0.09375     -.00015693
   0.10000     -.00016658
   0.10625     -.00017611
   0.11250     -.00018555
   0.11875     -.00019491
   0.12500     -.00020418
   0.13125     -.00021331
   0.13750     -.00022235
   0.14375     -.00023130
   0.15000     -.00024015
   0.15625     -.00024885
   0.16250     -.00025745
   0.16875     -.00026594
   0.17500     -.00027433
   0.18125     -.00028256
   0.18750     -.00029068
   0.19375     -.00029869
   0.20000     -.00030658
   0.20625     -.00031430
   0.21250     -.00032190
   0.21875     -.00032938
   0.22500     -.00033675
   0.23125     -.00034393
   0.23750     -.00035098
   0.24375     -.00035791
   0.25000     -.00036471
   0.25625     -.00037132
   0.26250     -.00037780
   0.26875     -.00038414
   0.27500     -.00039036
   0.28125     -.00039637
   0.28750     -.00040224
   0.29375     -.00040798
   0.30000     -.00041358
   0.30625     -.00041897
   0.31250     -.00042422
   0.31875     -.00042933
   0.32500     -.00043429
   0.33125     -.00043904
   0.33750     -.00044364
   0.34375     -.00044809
   0.35000     -.00045240
   0.35625     -.00045649
   0.36250     -.00046042
   0.36875     -.00046421
   0.37500     -.00046785
   0.38125     -.00047126
   0.38750     -.00047451
   0.39375     -.00047762
   0.40000     -.00048057
   0.40625     -.00048328
   0.41250     -.00048585
   0.41875     -.00048826
   0.42500     -.00049051
   0.43125     -.00049253
   0.43750     -.00049439
   0.44375     -.00049609
   0.45000     -.00049764
   0.45625     -.00049895
   0.46250     -.00050010
   0.46875     -.00050109
   0.47500     -.00050193
   0.48125     -.00050252
   0.48750     -.00050296
   0.49375     -.00050324
   0.50000     -.00050336
   0.50625     -.00050324
   0.51250     -.00050296
   0.51875     -.00050252
   0.52500     -.00050193
   0.53125     -.00050109
   0.53750     -.00050010
   0.54375     -.00049895
   0.55000     -.00049764
   0.55625     -.00049609
   0.56250     -.00049439
   0.56875     -.00049253
   0.57500     -.00049051
   0.58125     -.00048826
   0.58750     -.00048585
   0.59375     -.00048328
   0.60000     -.00048057
   0.60625     -.00047762
   0.61250     -.00047451
   0.61875     -.00047126
   0.62500     -.00046785
   0.63125     -.00046421
   0.63750     -.00046042
   0.64375     -.00045649
   0.65000     -.00045240
   0.65625     -.00044809
   0.66250     -.00044364
   0.66875     -.00043904
   0.67500     -.00043429
   0.68125     -.00042933
   0.68750     -.00042422
   0.69375     -.00041897
   0.70000     -.00041358
   0.70625     -.00040798
   0.71250     -.00040224
   0.71875     -.00039637
   0.72500     -.00039036
   0.73125     -.00038414
   0.73750     -.00037780
   0.74375     -.00037132
   0.75000     -.00036471
   0.75625     -.00035791
   0.76250     -.00035098
   0.76875     -.00034393
   0.77500     -.00033675
   0.78125     -.00032938
   0.78750     -.00032190
   0.79375     -.00031430
   0.80000     -.00030658
   0.80625     -.00029869
   0.81250     -.00029068
   0.81875     -.00028256
   0.82500     -.00027433
   0.83125     -.00026594
   0.83750     -.00025745
   0.84375     -.00024885
   0.85000     -.00024015
   0.85625     -.00023130
   0.86250     -.00022235
   0.86875     -.00021331
   0.87500     -.00020418
   0.88125     -.00019491
   0.88750     -.00018555
   0.89375     -.00017611
   0.90000     -.00016658
   0.90625     -.00015693
   0.91250     -.00014721
   0.91875     -.00013741
   0.92500     -.00012753
   0.93125     -.00011756
   0.93750     -.00010751
   0.94375     -.00009740
   0.95000     -.00008723
   0.95625     -.00007698
   0.96250     -.00006666
   0.96875     -.00005629
   0.97500     -.00004586
   0.98125     -.00003528
   0.98750     -.00002442
   0.99375     -.00001282
   1.00000     -.00000000
