   0.00000     -.00004532
   0.00031     -.00005642
   0.00063     -.00006751
   0.00094     -.00007861
   0.00125     -.00008971
   0.00156     -.00011125
   0.00188     -.00013280
   0.00219     -.00015435
   0.00250     -.00017590
   0.00281     -.00019626
   0.00313     -.00021662
   0.00344     -.00023698
   0.00375     -.00025734
   0.00406     -.00027650
   0.00438     -.00029567
   0.00469     -.00031483
   0.00500     -.00033399
   0.00531     -.00035195
   0.00563     -.00036992
   0.00594     -.00038788
   0.00625     -.00040584
   0.00656     -.00042259
   0.00688     -.00043935
   0.00719     -.00045610
   0.00750     -.00047285
   0.00781     -.00048840
   0.00813     -.00050395
   0.00844     -.00051949
   0.00875     -.00053504
   0.00906     -.00054938
   0.00938     -.00056372
   0.00969     -.00057806
   0.01000     -.00059240
   0.01031     -.00060553
   0.01063     -.00061867
   0.01094     -.00063181
   0.01125     -.00064494
   0.01156     -.00065689
   0.01188     -.00066883
   0.01219     -.00068077
   0.01250     -.00069271
   0.01281     -.00070347
   0.01313     -.00071422
   0.01344     -.00072497
   0.01375     -.00073573
   0.01406     -.00074531
   0.01438     -.00075488
   0.01469     -.00076446
   0.01500     -.00077404
   0.01531     -.00078245
   0.01563     -.00079086
   0.01594     -.00079928
   0.01625     -.00080769
   0.01656     -.00081495
   0.01688     -.00082220
   0.01719     -.00082946
   0.01750     -.00083672
   0.01781     -.00084284
   0.01813     -.00084895
   0.01844     -.00085507
   0.01875     -.00086118
   0.01906     -.00086617
   0.01938     -.00087115
   0.01969     -.00087614
   0.02000     -.00088112
   0.02031     -.00088498
   0.02063     -.00088885
   0.02094     -.00089271
   0.02125     -.00089657
   0.02156     -.00089933
   0.02188     -.00090208
   0.02219     -.00090483
   0.02250     -.00090758
   0.02281     -.00090923
   0.02313     -.00091087
   0.02344     -.00091252
   0.02375     -.00091417
   0.02406     -.00091471
   0.02438     -.00091525
   0.02469     -.00091580
   0.02500     -.00091634
   0.02531     -.00091579
   0.02563     -.00091523
   0.02594     -.00091468
   0.02625     -.00091412
   0.02656     -.00091247
   0.02688     -.00091081
   0.02719     -.00090916
   0.02750     -.00090750
   0.02781     -.00090474
   0.02813     -.00090198
   0.02844     -.00089922
   0.02875     -.00089646
   0.02906     -.00089258
   0.02938     -.00088871
   0.02969     -.00088484
   0.03000     -.00088097
   0.03031     -.00087597
   0.03063     -.00087098
   0.03094     -.00086599
   0.03125     -.00086100
   0.03156     -.00085488
   0.03188     -.00084875
   0.03219     -.00084263
   0.03250     -.00083651
   0.03281     -.00082925
   0.03313     -.00082199
   0.03344     -.00081472
   0.03375     -.00080746
   0.03406     -.00079904
   0.03438     -.00079063
   0.03469     -.00078221
   0.03500     -.00077380
   0.03531     -.00076422
   0.03563     -.00075464
   0.03594     -.00074506
   0.03625     -.00073548
   0.03656     -.00072472
   0.03688     -.00071397
   0.03719     -.00070321
   0.03750     -.00069246
   0.03781     -.00068052
   0.03813     -.00066858
   0.03844     -.00065664
   0.03875     -.00064469
   0.03906     -.00063156
   0.03938     -.00061842
   0.03969     -.00060529
   0.04000     -.00059215
   0.04031     -.00057782
   0.04063     -.00056348
   0.04094     -.00054915
   0.04125     -.00053481
   0.04156     -.00051927
   0.04188     -.00050373
   0.04219     -.00048819
   0.04250     -.00047264
   0.04281     -.00045590
   0.04313     -.00043915
   0.04344     -.00042240
   0.04375     -.00040565
   0.04406     -.00038770
   0.04438     -.00036974
   0.04469     -.00035179
   0.04500     -.00033383
   0.04531     -.00031468
   0.04563     -.00029552
   0.04594     -.00027637
   0.04625     -.00025721
   0.04656     -.00023686
   0.04688     -.00021651
   0.04719     -.00019616
   0.04750     -.00017581
   0.04781     -.00015427
   0.04813     -.00013273
   0.04844     -.00011120
   0.04875     -.00008966
   0.04906     -.00007857
   0.04938     -.00006748
   0.04969     -.00005639
   0.05000     -.00004530
