   0.00000     -.00002522
   0.00016     -.00002813
   0.00031     -.00003104
   0.00047     -.00003395
   0.00063     -.00003685
   0.00078     -.00003976
   0.00094     -.00004267
   0.00109     -.00004558
   0.00125     -.00004849
   0.00141     -.00005383
   0.00156     -.00005918
   0.00172     -.00006453
   0.00188     -.00006988
   0.00203     -.00007523
   0.00219     -.00008057
   0.00234     -.00008592
   0.00250     -.00009127
   0.00266     -.00009567
   0.00281     -.00010008
   0.00297     -.00010448
   0.00313     -.00010889
   0.00328     -.00011330
   0.00344     -.00011770
   0.00359     -.00012211
   0.00375     -.00012651
   0.00391     -.00013001
   0.00406     -.00013350
   0.00422     -.00013700
   0.00438     -.00014050
   0.00453     -.00014399
   0.00469     -.00014749
   0.00484     -.00015099
   0.00500     -.00015448
   0.00516     -.00015718
   0.00531     -.00015987
   0.00547     -.00016257
   0.00563     -.00016526
   0.00578     -.00016796
   0.00594     -.00017065
   0.00609     -.00017335
   0.00625     -.00017604
   0.00641     -.00017806
   0.00656     -.00018008
   0.00672     -.00018210
   0.00688     -.00018412
   0.00703     -.00018614
   0.00719     -.00018816
   0.00734     -.00019018
   0.00750     -.00019220
   0.00766     -.00019365
   0.00781     -.00019510
   0.00797     -.00019656
   0.00813     -.00019801
   0.00828     -.00019947
   0.00844     -.00020092
   0.00859     -.00020237
   0.00875     -.00020383
   0.00891     -.00020480
   0.00906     -.00020578
   0.00922     -.00020676
   0.00938     -.00020773
   0.00953     -.00020871
   0.00969     -.00020968
   0.00984     -.00021066
   0.01000     -.00021164
   0.01016     -.00021220
   0.01031     -.00021276
   0.01047     -.00021332
   0.01063     -.00021388
   0.01078     -.00021444
   0.01094     -.00021500
   0.01109     -.00021556
   0.01125     -.00021612
   0.01141     -.00021630
   0.01156     -.00021648
   0.01172     -.00021666
   0.01188     -.00021685
   0.01203     -.00021703
   0.01219     -.00021721
   0.01234     -.00021739
   0.01250     -.00021757
   0.01266     -.00021739
   0.01281     -.00021721
   0.01297     -.00021702
   0.01313     -.00021684
   0.01328     -.00021666
   0.01344     -.00021647
   0.01359     -.00021629
   0.01375     -.00021610
   0.01391     -.00021554
   0.01406     -.00021498
   0.01422     -.00021442
   0.01438     -.00021386
   0.01453     -.00021330
   0.01469     -.00021274
   0.01484     -.00021218
   0.01500     -.00021161
   0.01516     -.00021064
   0.01531     -.00020966
   0.01547     -.00020869
   0.01563     -.00020771
   0.01578     -.00020673
   0.01594     -.00020576
   0.01609     -.00020478
   0.01625     -.00020380
   0.01641     -.00020235
   0.01656     -.00020089
   0.01672     -.00019944
   0.01688     -.00019799
   0.01703     -.00019653
   0.01719     -.00019508
   0.01734     -.00019363
   0.01750     -.00019217
   0.01766     -.00019015
   0.01781     -.00018813
   0.01797     -.00018612
   0.01813     -.00018410
   0.01828     -.00018208
   0.01844     -.00018006
   0.01859     -.00017804
   0.01875     -.00017602
   0.01891     -.00017333
   0.01906     -.00017063
   0.01922     -.00016794
   0.01938     -.00016524
   0.01953     -.00016255
   0.01969     -.00015985
   0.01984     -.00015716
   0.02000     -.00015446
   0.02016     -.00015097
   0.02031     -.00014747
   0.02047     -.00014397
   0.02063     -.00014048
   0.02078     -.00013698
   0.02094     -.00013349
   0.02109     -.00012999
   0.02125     -.00012649
   0.02141     -.00012209
   0.02156     -.00011768
   0.02172     -.00011328
   0.02188     -.00010887
   0.02203     -.00010447
   0.02219     -.00010006
   0.02234     -.00009566
   0.02250     -.00009125
   0.02266     -.00008591
   0.02281     -.00008056
   0.02297     -.00007521
   0.02313     -.00006987
   0.02328     -.00006452
   0.02344     -.00005917
   0.02359     -.00005382
   0.02375     -.00004848
   0.02391     -.00004557
   0.02406     -.00004266
   0.02422     -.00003975
   0.02438     -.00003685
   0.02453     -.00003394
   0.02469     -.00003103
   0.02484     -.00002812
   0.02500     -.00002522
