   0.00000     -.00001089
   0.00008     -.00001148
   0.00016     -.00001207
   0.00023     -.00001266
   0.00031     -.00001325
   0.00039     -.00001385
   0.00047     -.00001444
   0.00055     -.00001503
   0.00063     -.00001562
   0.00070     -.00001621
   0.00078     -.00001681
   0.00086     -.00001740
   0.00094     -.00001799
   0.00102     -.00001858
   0.00109     -.00001918
   0.00117     -.00001977
   0.00125     -.00002036
   0.00133     -.00002139
   0.00141     -.00002242
   0.00148     -.00002345
   0.00156     -.00002447
   0.00164     -.00002550
   0.00172     -.00002653
   0.00180     -.00002756
   0.00188     -.00002859
   0.00195     -.00002962
   0.00203     -.00003064
   0.00211     -.00003167
   0.00219     -.00003270
   0.00227     -.00003373
   0.00234     -.00003476
   0.00242     -.00003579
   0.00250     -.00003682
   0.00258     -.00003754
   0.00266     -.00003826
   0.00273     -.00003898
   0.00281     -.00003970
   0.00289     -.00004042
   0.00297     -.00004114
   0.00305     -.00004187
   0.00313     -.00004259
   0.00320     -.00004331
   0.00328     -.00004403
   0.00336     -.00004475
   0.00344     -.00004547
   0.00352     -.00004620
   0.00359     -.00004692
   0.00367     -.00004764
   0.00375     -.00004836
   0.00383     -.00004878
   0.00391     -.00004921
   0.00398     -.00004963
   0.00406     -.00005006
   0.00414     -.00005048
   0.00422     -.00005091
   0.00430     -.00005133
   0.00438     -.00005176
   0.00445     -.00005218
   0.00453     -.00005261
   0.00461     -.00005303
   0.00469     -.00005346
   0.00477     -.00005388
   0.00484     -.00005431
   0.00492     -.00005473
   0.00500     -.00005516
   0.00508     -.00005530
   0.00516     -.00005544
   0.00523     -.00005558
   0.00531     -.00005572
   0.00539     -.00005586
   0.00547     -.00005600
   0.00555     -.00005614
   0.00563     -.00005628
   0.00570     -.00005642
   0.00578     -.00005656
   0.00586     -.00005670
   0.00594     -.00005684
   0.00602     -.00005698
   0.00609     -.00005712
   0.00617     -.00005726
   0.00625     -.00005740
   0.00633     -.00005726
   0.00641     -.00005712
   0.00648     -.00005698
   0.00656     -.00005684
   0.00664     -.00005670
   0.00672     -.00005656
   0.00680     -.00005642
   0.00688     -.00005628
   0.00695     -.00005614
   0.00703     -.00005600
   0.00711     -.00005586
   0.00719     -.00005572
   0.00727     -.00005558
   0.00734     -.00005544
   0.00742     -.00005530
   0.00750     -.00005516
   0.00758     -.00005473
   0.00766     -.00005431
   0.00773     -.00005388
   0.00781     -.00005346
   0.00789     -.00005303
   0.00797     -.00005261
   0.00805     -.00005218
   0.00813     -.00005176
   0.00820     -.00005133
   0.00828     -.00005091
   0.00836     -.00005048
   0.00844     -.00005006
   0.00852     -.00004963
   0.00859     -.00004921
   0.00867     -.00004878
   0.00875     -.00004836
   0.00883     -.00004764
   0.00891     -.00004692
   0.00898     -.00004619
   0.00906     -.00004547
   0.00914     -.00004475
   0.00922     -.00004403
   0.00930     -.00004331
   0.00938     -.00004259
   0.00945     -.00004187
   0.00953     -.00004114
   0.00961     -.00004042
   0.00969     -.00003970
   0.00977     -.00003898
   0.00984     -.00003826
   0.00992     -.00003754
   0.01000     -.00003681
   0.01008     -.00003579
   0.01016     -.00003476
   0.01023     -.00003373
   0.01031     -.00003270
   0.01039     -.00003167
   0.01047     -.00003064
   0.01055     -.00002962
   0.01063     -.00002859
   0.01070     -.00002756
   0.01078     -.00002653
   0.01086     -.00002550
   0.01094     -.00002447
   0.01102     -.00002344
   0.01109     -.00002242
   0.01117     -.00002139
   0.01125     -.00002036
   0.01133     -.00001977
   0.01141     -.00001917
   0.01148     -.00001858
   0.01156     -.00001799
   0.01164     -.00001740
   0.01172     -.00001681
   0.01180     -.00001621
   0.01188     -.00001562
   0.01195     -.00001503
   0.01203     -.00001444
   0.01211     -.00001385
   0.01219     -.00001325
   0.01227     -.00001266
   0.01234     -.00001207
   0.01242     -.00001148
   0.01250     -.00001089
