   0.00000     -.00000000
   0.00625     -.00053029
   0.01250     -.00105405
   0.01875     -.00157176
   0.02500     -.00208375
   0.03125     -.00259022
   0.03750     -.00309131
   0.04375     -.00358709
   0.05000     -.00407758
   0.05625     -.00456279
   0.06250     -.00504269
   0.06875     -.00551725
   0.07500     -.00598643
   0.08125     -.00645017
   0.08750     -.00690841
   0.09375     -.00736111
   0.10000     -.00780820
   0.10625     -.00824921
   0.11250     -.00868449
   0.11875     -.00911397
   0.12500     -.00953760
   0.13125     -.00995533
   0.13750     -.01036709
   0.14375     -.01077283
   0.15000     -.01117250
   0.15625     -.01156604
   0.16250     -.01195342
   0.16875     -.01233456
   0.17500     -.01270944
   0.18125     -.01307799
   0.18750     -.01344017
   0.19375     -.01379594
   0.20000     -.01414525
   0.20625     -.01448760
   0.21250     -.01482339
   0.21875     -.01515259
   0.22500     -.01547516
   0.23125     -.01579106
   0.23750     -.01610025
   0.24375     -.01640270
   0.25000     -.01669836
   0.25625     -.01698721
   0.26250     -.01726921
   0.26875     -.01754432
   0.27500     -.01781252
   0.28125     -.01807377
   0.28750     -.01832804
   0.29375     -.01857531
   0.30000     -.01881554
   0.30625     -.01904819
   0.31250     -.01927375
   0.31875     -.01949219
   0.32500     -.01970349
   0.33125     -.01990762
   0.33750     -.02010455
   0.34375     -.02029426
   0.35000     -.02047675
   0.35625     -.02065197
   0.36250     -.02081991
   0.36875     -.02098057
   0.37500     -.02113390
   0.38125     -.02127991
   0.38750     -.02141857
   0.39375     -.02154986
   0.40000     -.02167378
   0.40625     -.02178977
   0.41250     -.02189837
   0.41875     -.02199954
   0.42500     -.02209328
   0.43125     -.02217958
   0.43750     -.02225844
   0.44375     -.02232983
   0.45000     -.02239376
   0.45625     -.02245022
   0.46250     -.02249920
   0.46875     -.02254069
   0.47500     -.02257469
   0.48125     -.02260120
   0.48750     -.02262022
   0.49375     -.02263174
   0.50000     -.02263575
   0.50625     -.02263174
   0.51250     -.02262022
   0.51875     -.02260120
   0.52500     -.02257469
   0.53125     -.02254069
   0.53750     -.02249920
   0.54375     -.02245022
   0.55000     -.02239376
   0.55625     -.02232983
   0.56250     -.02225844
   0.56875     -.02217958
   0.57500     -.02209328
   0.58125     -.02199954
   0.58750     -.02189837
   0.59375     -.02178977
   0.60000     -.02167378
   0.60625     -.02154986
   0.61250     -.02141857
   0.61875     -.02127991
   0.62500     -.02113390
   0.63125     -.02098057
   0.63750     -.02081991
   0.64375     -.02065197
   0.65000     -.02047675
   0.65625     -.02029426
   0.66250     -.02010455
   0.66875     -.01990762
   0.67500     -.01970349
   0.68125     -.01949219
   0.68750     -.01927375
   0.69375     -.01904819
   0.70000     -.01881554
   0.70625     -.01857531
   0.71250     -.01832804
   0.71875     -.01807377
   0.72500     -.01781252
   0.73125     -.01754432
   0.73750     -.01726921
   0.74375     -.01698721
   0.75000     -.01669836
   0.75625     -.01640270
   0.76250     -.01610025
   0.76875     -.01579106
   0.77500     -.01547516
   0.78125     -.01515259
   0.78750     -.01482339
   0.79375     -.01448760
   0.80000     -.01414525
   0.80625     -.01379594
   0.81250     -.01344017
   0.81875     -.01307799
   0.82500     -.01270944
   0.83125     -.01233456
   0.83750     -.01195342
   0.84375     -.01156604
   0.85000     -.01117250
   0.85625     -.01077283
   0.86250     -.01036709
   0.86875     -.00995533
   0.87500     -.00953760
   0.88125     -.00911397
   0.88750     -.00868449
   0.89375     -.00824921
   0.90000     -.00780820
   0.90625     -.00736111
   0.91250     -.00690841
   0.91875     -.00645017
   0.92500     -.00598643
   0.93125     -.00551725
   0.93750     -.00504269
   0.94375     -.00456279
   0.95000     -.00407758
   0.95625     -.00358709
   0.96250     -.00309131
   0.96875     -.00259022
   0.97500     -.00208375
   0.98125     -.00157176
   0.98750     -.00105405
   0.99375     -.00053029
   1.00000     -.00000000
