   0.00000     0.02779072
   0.00016     0.02699014
   0.00031     0.02618956
   0.00047     0.02538897
   0.00063     0.02458839
   0.00078     0.02378781
   0.00094     0.02298723
   0.00109     0.02218665
   0.00125     0.02138607
   0.00141     0.02063523
   0.00156     0.01988440
   0.00172     0.01913356
   0.00188     0.01838272
   0.00203     0.01763189
   0.00219     0.01688105
   0.00234     0.01613022
   0.00250     0.01537938
   0.00266     0.01482432
   0.00281     0.01426926
   0.00297     0.01371420
   0.00313     0.01315914
   0.00328     0.01260409
   0.00344     0.01204903
   0.00359     0.01149397
   0.00375     0.01093891
   0.00391     0.01053540
   0.00406     0.01013189
   0.00422     0.00972838
   0.00438     0.00932487
   0.00453     0.00892136
   0.00469     0.00851785
   0.00484     0.00811434
   0.00500     0.00771083
   0.00516     0.00741929
   0.00531     0.00712776
   0.00547     0.00683623
   0.00563     0.00654469
   0.00578     0.00625316
   0.00594     0.00596163
   0.00609     0.00567010
   0.00625     0.00537856
   0.00641     0.00516695
   0.00656     0.00495533
   0.00672     0.00474372
   0.00688     0.00453210
   0.00703     0.00432048
   0.00719     0.00410887
   0.00734     0.00389725
   0.00750     0.00368564
   0.00766     0.00352931
   0.00781     0.00337298
   0.00797     0.00321665
   0.00813     0.00306032
   0.00828     0.00290399
   0.00844     0.00274767
   0.00859     0.00259134
   0.00875     0.00243501
   0.00891     0.00231530
   0.00906     0.00219559
   0.00922     0.00207588
   0.00938     0.00195617
   0.00953     0.00183646
   0.00969     0.00171675
   0.00984     0.00159704
   0.01000     0.00147733
   0.01016     0.00137981
   0.01031     0.00128230
   0.01047     0.00118478
   0.01063     0.00108726
   0.01078     0.00098974
   0.01094     0.00089223
   0.01109     0.00079471
   0.01125     0.00069719
   0.01141     0.00061012
   0.01156     0.00052304
   0.01172     0.00043597
   0.01188     0.00034889
   0.01203     0.00026182
   0.01219     0.00017474
   0.01234     0.00008766
   0.01250     0.00000059
   0.01266     -.00008650
   0.01281     -.00017358
   0.01297     -.00026067
   0.01313     -.00034776
   0.01328     -.00043484
   0.01344     -.00052193
   0.01359     -.00060902
   0.01375     -.00069610
   0.01391     -.00079365
   0.01406     -.00089120
   0.01422     -.00098875
   0.01438     -.00108629
   0.01453     -.00118384
   0.01469     -.00128139
   0.01484     -.00137893
   0.01500     -.00147648
   0.01516     -.00159623
   0.01531     -.00171598
   0.01547     -.00183573
   0.01563     -.00195548
   0.01578     -.00207522
   0.01594     -.00219497
   0.01609     -.00231472
   0.01625     -.00243447
   0.01641     -.00259084
   0.01656     -.00274721
   0.01672     -.00290357
   0.01688     -.00305994
   0.01703     -.00321631
   0.01719     -.00337268
   0.01734     -.00352905
   0.01750     -.00368541
   0.01766     -.00389707
   0.01781     -.00410872
   0.01797     -.00432037
   0.01813     -.00453202
   0.01828     -.00474367
   0.01844     -.00495532
   0.01859     -.00516698
   0.01875     -.00537863
   0.01891     -.00567019
   0.01906     -.00596176
   0.01922     -.00625333
   0.01938     -.00654489
   0.01953     -.00683646
   0.01969     -.00712802
   0.01984     -.00741959
   0.02000     -.00771115
   0.02016     -.00811470
   0.02031     -.00851824
   0.02047     -.00892178
   0.02063     -.00932532
   0.02078     -.00972886
   0.02094     -.01013240
   0.02109     -.01053594
   0.02125     -.01093949
   0.02141     -.01149457
   0.02156     -.01204966
   0.02172     -.01260475
   0.02188     -.01315984
   0.02203     -.01371493
   0.02219     -.01427001
   0.02234     -.01482510
   0.02250     -.01538019
   0.02266     -.01613105
   0.02281     -.01688191
   0.02297     -.01763277
   0.02313     -.01838362
   0.02328     -.01913448
   0.02344     -.01988534
   0.02359     -.02063620
   0.02375     -.02138706
   0.02391     -.02218765
   0.02406     -.02298824
   0.02422     -.02378883
   0.02438     -.02458943
   0.02453     -.02539002
   0.02469     -.02619061
   0.02484     -.02699120
   0.02500     -.02779179
