   0.00000     -.00008997
   0.00031     -.00011053
   0.00063     -.00013109
   0.00094     -.00015165
   0.00125     -.00017221
   0.00156     -.00020927
   0.00188     -.00024633
   0.00219     -.00028338
   0.00250     -.00032044
   0.00281     -.00034926
   0.00313     -.00037808
   0.00344     -.00040691
   0.00375     -.00043573
   0.00406     -.00045695
   0.00438     -.00047817
   0.00469     -.00049940
   0.00500     -.00052062
   0.00531     -.00053587
   0.00563     -.00055112
   0.00594     -.00056638
   0.00625     -.00058163
   0.00656     -.00059248
   0.00688     -.00060334
   0.00719     -.00061420
   0.00750     -.00062506
   0.00781     -.00063276
   0.00813     -.00064045
   0.00844     -.00064815
   0.00875     -.00065585
   0.00906     -.00066130
   0.00938     -.00066675
   0.00969     -.00067220
   0.01000     -.00067764
   0.01031     -.00068149
   0.01063     -.00068534
   0.01094     -.00068919
   0.01125     -.00069305
   0.01156     -.00069576
   0.01188     -.00069848
   0.01219     -.00070120
   0.01250     -.00070392
   0.01281     -.00070584
   0.01313     -.00070775
   0.01344     -.00070967
   0.01375     -.00071159
   0.01406     -.00071294
   0.01438     -.00071428
   0.01469     -.00071563
   0.01500     -.00071698
   0.01531     -.00071792
   0.01563     -.00071886
   0.01594     -.00071980
   0.01625     -.00072075
   0.01656     -.00072140
   0.01688     -.00072205
   0.01719     -.00072270
   0.01750     -.00072335
   0.01781     -.00072379
   0.01813     -.00072423
   0.01844     -.00072468
   0.01875     -.00072512
   0.01906     -.00072540
   0.01938     -.00072568
   0.01969     -.00072597
   0.02000     -.00072625
   0.02031     -.00072641
   0.02063     -.00072657
   0.02094     -.00072673
   0.02125     -.00072689
   0.02156     -.00072696
   0.02188     -.00072702
   0.02219     -.00072709
   0.02250     -.00072715
   0.02281     -.00072714
   0.02313     -.00072714
   0.02344     -.00072713
   0.02375     -.00072712
   0.02406     -.00072709
   0.02438     -.00072706
   0.02469     -.00072703
   0.02500     -.00072700
   0.02531     -.00072698
   0.02563     -.00072696
   0.02594     -.00072694
   0.02625     -.00072693
   0.02656     -.00072691
   0.02688     -.00072689
   0.02719     -.00072687
   0.02750     -.00072685
   0.02781     -.00072678
   0.02813     -.00072671
   0.02844     -.00072665
   0.02875     -.00072658
   0.02906     -.00072643
   0.02938     -.00072627
   0.02969     -.00072612
   0.03000     -.00072596
   0.03031     -.00072568
   0.03063     -.00072541
   0.03094     -.00072513
   0.03125     -.00072486
   0.03156     -.00072442
   0.03188     -.00072399
   0.03219     -.00072355
   0.03250     -.00072312
   0.03281     -.00072247
   0.03313     -.00072182
   0.03344     -.00072118
   0.03375     -.00072053
   0.03406     -.00071959
   0.03438     -.00071865
   0.03469     -.00071772
   0.03500     -.00071678
   0.03531     -.00071543
   0.03563     -.00071409
   0.03594     -.00071275
   0.03625     -.00071140
   0.03656     -.00070949
   0.03688     -.00070757
   0.03719     -.00070566
   0.03750     -.00070375
   0.03781     -.00070103
   0.03813     -.00069831
   0.03844     -.00069560
   0.03875     -.00069288
   0.03906     -.00068903
   0.03938     -.00068518
   0.03969     -.00068133
   0.04000     -.00067748
   0.04031     -.00067204
   0.04063     -.00066659
   0.04094     -.00066114
   0.04125     -.00065570
   0.04156     -.00064800
   0.04188     -.00064030
   0.04219     -.00063260
   0.04250     -.00062491
   0.04281     -.00061405
   0.04313     -.00060319
   0.04344     -.00059233
   0.04375     -.00058148
   0.04406     -.00056622
   0.04438     -.00055097
   0.04469     -.00053572
   0.04500     -.00052047
   0.04531     -.00049924
   0.04563     -.00047802
   0.04594     -.00045679
   0.04625     -.00043557
   0.04656     -.00040675
   0.04688     -.00037793
   0.04719     -.00034911
   0.04750     -.00032029
   0.04781     -.00028325
   0.04813     -.00024620
   0.04844     -.00020915
   0.04875     -.00017211
   0.04906     -.00015156
   0.04938     -.00013101
   0.04969     -.00011046
   0.05000     -.00008991
