   0.00000     0.07294026
   0.00031     0.06973979
   0.00063     0.06653932
   0.00094     0.06333885
   0.00125     0.06013838
   0.00156     0.05695723
   0.00188     0.05377608
   0.00219     0.05059493
   0.00250     0.04741378
   0.00281     0.04484610
   0.00313     0.04227842
   0.00344     0.03971074
   0.00375     0.03714306
   0.00406     0.03510017
   0.00438     0.03305727
   0.00469     0.03101437
   0.00500     0.02897148
   0.00531     0.02736291
   0.00563     0.02575434
   0.00594     0.02414576
   0.00625     0.02253719
   0.00656     0.02127934
   0.00688     0.02002149
   0.00719     0.01876364
   0.00750     0.01750578
   0.00781     0.01652640
   0.00813     0.01554702
   0.00844     0.01456764
   0.00875     0.01358826
   0.00906     0.01282758
   0.00938     0.01206690
   0.00969     0.01130621
   0.01000     0.01054553
   0.01031     0.00995541
   0.01063     0.00936529
   0.01094     0.00877517
   0.01125     0.00818505
   0.01156     0.00772730
   0.01188     0.00726955
   0.01219     0.00681180
   0.01250     0.00635405
   0.01281     0.00599863
   0.01313     0.00564321
   0.01344     0.00528779
   0.01375     0.00493237
   0.01406     0.00465573
   0.01438     0.00437909
   0.01469     0.00410244
   0.01500     0.00382580
   0.01531     0.00360946
   0.01563     0.00339312
   0.01594     0.00317679
   0.01625     0.00296045
   0.01656     0.00278989
   0.01688     0.00261933
   0.01719     0.00244877
   0.01750     0.00227821
   0.01781     0.00214194
   0.01813     0.00200567
   0.01844     0.00186940
   0.01875     0.00173313
   0.01906     0.00162199
   0.01938     0.00151085
   0.01969     0.00139970
   0.02000     0.00128856
   0.02031     0.00119520
   0.02063     0.00110183
   0.02094     0.00100847
   0.02125     0.00091511
   0.02156     0.00083361
   0.02188     0.00075212
   0.02219     0.00067062
   0.02250     0.00058913
   0.02281     0.00051475
   0.02313     0.00044037
   0.02344     0.00036599
   0.02375     0.00029161
   0.02406     0.00022047
   0.02438     0.00014934
   0.02469     0.00007820
   0.02500     0.00000706
   0.02531     -.00006421
   0.02563     -.00013547
   0.02594     -.00020674
   0.02625     -.00027800
   0.02656     -.00035274
   0.02688     -.00042747
   0.02719     -.00050220
   0.02750     -.00057693
   0.02781     -.00065892
   0.02813     -.00074091
   0.02844     -.00082290
   0.02875     -.00090489
   0.02906     -.00099880
   0.02938     -.00109271
   0.02969     -.00118662
   0.03000     -.00128053
   0.03031     -.00139220
   0.03063     -.00150387
   0.03094     -.00161554
   0.03125     -.00172721
   0.03156     -.00186395
   0.03188     -.00200069
   0.03219     -.00213743
   0.03250     -.00227417
   0.03281     -.00244513
   0.03313     -.00261609
   0.03344     -.00278706
   0.03375     -.00295802
   0.03406     -.00317470
   0.03438     -.00339137
   0.03469     -.00360805
   0.03500     -.00382473
   0.03531     -.00410167
   0.03563     -.00437860
   0.03594     -.00465554
   0.03625     -.00493247
   0.03656     -.00528815
   0.03688     -.00564383
   0.03719     -.00599950
   0.03750     -.00635518
   0.03781     -.00681317
   0.03813     -.00727115
   0.03844     -.00772914
   0.03875     -.00818712
   0.03906     -.00877748
   0.03938     -.00936783
   0.03969     -.00995818
   0.04000     -.01054854
   0.04031     -.01130946
   0.04063     -.01207038
   0.04094     -.01283129
   0.04125     -.01359221
   0.04156     -.01457185
   0.04188     -.01555149
   0.04219     -.01653113
   0.04250     -.01751078
   0.04281     -.01876891
   0.04313     -.02002705
   0.04344     -.02128519
   0.04375     -.02254333
   0.04406     -.02415222
   0.04438     -.02576111
   0.04469     -.02737000
   0.04500     -.02897889
   0.04531     -.03102212
   0.04563     -.03306536
   0.04594     -.03510860
   0.04625     -.03715183
   0.04656     -.03971984
   0.04688     -.04228785
   0.04719     -.04485585
   0.04750     -.04742386
   0.04781     -.05060528
   0.04813     -.05378670
   0.04844     -.05696811
   0.04875     -.06014953
   0.04906     -.06335012
   0.04938     -.06655072
   0.04969     -.06975131
   0.05000     -.07295191
