   0.00000     0.09138425
   0.00031     0.08614917
   0.00063     0.08091409
   0.00094     0.07567900
   0.00125     0.07044392
   0.00156     0.06555419
   0.00188     0.06066446
   0.00219     0.05577474
   0.00250     0.05088501
   0.00281     0.04726042
   0.00313     0.04363584
   0.00344     0.04001125
   0.00375     0.03638667
   0.00406     0.03375892
   0.00438     0.03113116
   0.00469     0.02850341
   0.00500     0.02587566
   0.00531     0.02399561
   0.00563     0.02211556
   0.00594     0.02023552
   0.00625     0.01835547
   0.00656     0.01701965
   0.00688     0.01568383
   0.00719     0.01434801
   0.00750     0.01301219
   0.00781     0.01206631
   0.00813     0.01112042
   0.00844     0.01017454
   0.00875     0.00922866
   0.00906     0.00856007
   0.00938     0.00789148
   0.00969     0.00722290
   0.01000     0.00655431
   0.01031     0.00608219
   0.01063     0.00561008
   0.01094     0.00513796
   0.01125     0.00466585
   0.01156     0.00433265
   0.01188     0.00399946
   0.01219     0.00366627
   0.01250     0.00333307
   0.01281     0.00309795
   0.01313     0.00286282
   0.01344     0.00262770
   0.01375     0.00239257
   0.01406     0.00222652
   0.01438     0.00206046
   0.01469     0.00189441
   0.01500     0.00172836
   0.01531     0.00161076
   0.01563     0.00149317
   0.01594     0.00137557
   0.01625     0.00125798
   0.01656     0.00117412
   0.01688     0.00109026
   0.01719     0.00100640
   0.01750     0.00092254
   0.01781     0.00086181
   0.01813     0.00080108
   0.01844     0.00074035
   0.01875     0.00067962
   0.01906     0.00063425
   0.01938     0.00058888
   0.01969     0.00054351
   0.02000     0.00049814
   0.02031     0.00046235
   0.02063     0.00042657
   0.02094     0.00039078
   0.02125     0.00035499
   0.02156     0.00032448
   0.02188     0.00029397
   0.02219     0.00026346
   0.02250     0.00023295
   0.02281     0.00020472
   0.02313     0.00017650
   0.02344     0.00014827
   0.02375     0.00012005
   0.02406     0.00009237
   0.02438     0.00006469
   0.02469     0.00003701
   0.02500     0.00000933
   0.02531     -.00001862
   0.02563     -.00004657
   0.02594     -.00007453
   0.02625     -.00010248
   0.02656     -.00013142
   0.02688     -.00016036
   0.02719     -.00018930
   0.02750     -.00021825
   0.02781     -.00024965
   0.02813     -.00028106
   0.02844     -.00031247
   0.02875     -.00034388
   0.02906     -.00038052
   0.02938     -.00041716
   0.02969     -.00045380
   0.03000     -.00049044
   0.03031     -.00053651
   0.03063     -.00058258
   0.03094     -.00062865
   0.03125     -.00067472
   0.03156     -.00073599
   0.03188     -.00079725
   0.03219     -.00085852
   0.03250     -.00091978
   0.03281     -.00100404
   0.03313     -.00108829
   0.03344     -.00117255
   0.03375     -.00125680
   0.03406     -.00137469
   0.03438     -.00149258
   0.03469     -.00161047
   0.03500     -.00172836
   0.03531     -.00189464
   0.03563     -.00206092
   0.03594     -.00222720
   0.03625     -.00239348
   0.03656     -.00262879
   0.03688     -.00286410
   0.03719     -.00309941
   0.03750     -.00333472
   0.03781     -.00366807
   0.03813     -.00400143
   0.03844     -.00433479
   0.03875     -.00466814
   0.03906     -.00514042
   0.03938     -.00561270
   0.03969     -.00608498
   0.04000     -.00655726
   0.04031     -.00722603
   0.04063     -.00789481
   0.04094     -.00856358
   0.04125     -.00923235
   0.04156     -.01017846
   0.04188     -.01112456
   0.04219     -.01207067
   0.04250     -.01301678
   0.04281     -.01435289
   0.04313     -.01568900
   0.04344     -.01702510
   0.04375     -.01836121
   0.04406     -.02024164
   0.04438     -.02212206
   0.04469     -.02400248
   0.04500     -.02588291
   0.04531     -.02851113
   0.04563     -.03113935
   0.04594     -.03376757
   0.04625     -.03639579
   0.04656     -.04002090
   0.04688     -.04364601
   0.04719     -.04727112
   0.04750     -.05089623
   0.04781     -.05578642
   0.04813     -.06067662
   0.04844     -.06556681
   0.04875     -.07045700
   0.04906     -.07569231
   0.04938     -.08092763
   0.04969     -.08616294
   0.05000     -.09139825
