   0.00000     -.00000000
   0.00625     -.00183616
   0.01250     -.00365668
   0.01875     -.00546381
   0.02500     -.00725982
   0.03125     -.00904403
   0.03750     -.01082253
   0.04375     -.01259613
   0.05000     -.01436558
   0.05625     -.01613034
   0.06250     -.01789259
   0.06875     -.01965257
   0.07500     -.02141049
   0.08125     -.02316576
   0.08750     -.02491935
   0.09375     -.02667134
   0.10000     -.02842175
   0.10625     -.03016986
   0.11250     -.03191635
   0.11875     -.03366121
   0.12500     -.03540444
   0.13125     -.03714515
   0.13750     -.03888400
   0.14375     -.04062099
   0.15000     -.04235608
   0.15625     -.04408823
   0.16250     -.04581818
   0.16875     -.04754596
   0.17500     -.04927149
   0.18125     -.05099360
   0.18750     -.05271313
   0.19375     -.05443012
   0.20000     -.05614451
   0.20625     -.05785496
   0.21250     -.05956242
   0.21875     -.06126697
   0.22500     -.06296854
   0.23125     -.06466562
   0.23750     -.06635930
   0.24375     -.06804966
   0.25000     -.06973665
   0.25625     -.07141860
   0.26250     -.07309670
   0.26875     -.07477107
   0.27500     -.07644165
   0.28125     -.07810662
   0.28750     -.07976724
   0.29375     -.08142372
   0.30000     -.08307596
   0.30625     -.08472197
   0.31250     -.08636313
   0.31875     -.08799967
   0.32500     -.08963151
   0.33125     -.09125645
   0.33750     -.09287597
   0.34375     -.09449034
   0.35000     -.09609949
   0.35625     -.09770101
   0.36250     -.09929644
   0.36875     -.10088614
   0.37500     -.10247000
   0.38125     -.10404534
   0.38750     -.10561380
   0.39375     -.10717579
   0.40000     -.10873116
   0.40625     -.11027687
   0.41250     -.11181462
   0.41875     -.11334486
   0.42500     -.11486738
   0.43125     -.11637852
   0.43750     -.11788001
   0.44375     -.11937230
   0.45000     -.12085500
   0.45625     -.12232322
   0.46250     -.12377853
   0.46875     -.12522117
   0.47500     -.12665022
   0.48125     -.12805773
   0.48750     -.12944446
   0.49375     -.13080991
   0.50000     -.13204908
   0.50625     -.13080991
   0.51250     -.12944446
   0.51875     -.12805773
   0.52500     -.12665022
   0.53125     -.12522117
   0.53750     -.12377853
   0.54375     -.12232322
   0.55000     -.12085500
   0.55625     -.11937230
   0.56250     -.11788001
   0.56875     -.11637852
   0.57500     -.11486738
   0.58125     -.11334486
   0.58750     -.11181462
   0.59375     -.11027687
   0.60000     -.10873116
   0.60625     -.10717579
   0.61250     -.10561380
   0.61875     -.10404534
   0.62500     -.10247000
   0.63125     -.10088614
   0.63750     -.09929644
   0.64375     -.09770101
   0.65000     -.09609949
   0.65625     -.09449034
   0.66250     -.09287596
   0.66875     -.09125645
   0.67500     -.08963151
   0.68125     -.08799967
   0.68750     -.08636313
   0.69375     -.08472197
   0.70000     -.08307596
   0.70625     -.08142372
   0.71250     -.07976724
   0.71875     -.07810662
   0.72500     -.07644165
   0.73125     -.07477107
   0.73750     -.07309670
   0.74375     -.07141860
   0.75000     -.06973665
   0.75625     -.06804966
   0.76250     -.06635930
   0.76875     -.06466562
   0.77500     -.06296854
   0.78125     -.06126697
   0.78750     -.05956242
   0.79375     -.05785496
   0.80000     -.05614451
   0.80625     -.05443012
   0.81250     -.05271313
   0.81875     -.05099360
   0.82500     -.04927149
   0.83125     -.04754596
   0.83750     -.04581818
   0.84375     -.04408823
   0.85000     -.04235608
   0.85625     -.04062099
   0.86250     -.03888400
   0.86875     -.03714515
   0.87500     -.03540444
   0.88125     -.03366121
   0.88750     -.03191635
   0.89375     -.03016986
   0.90000     -.02842175
   0.90625     -.02667134
   0.91250     -.02491935
   0.91875     -.02316576
   0.92500     -.02141049
   0.93125     -.01965257
   0.93750     -.01789259
   0.94375     -.01613034
   0.95000     -.01436558
   0.95625     -.01259613
   0.96250     -.01082253
   0.96875     -.00904403
   0.97500     -.00725982
   0.98125     -.00546381
   0.98750     -.00365668
   0.99375     -.00183616
   1.00000     -.00000000
