   0.00000     0.00000000
   0.00625     -.00136938
   0.01250     -.00271133
   0.01875     -.00402827
   0.02500     -.00532231
   0.03125     -.00659515
   0.03750     -.00784811
   0.04375     -.00908221
   0.05000     -.01029821
   0.05625     -.01149669
   0.06250     -.01267809
   0.06875     -.01384274
   0.07500     -.01499091
   0.08125     -.01612278
   0.08750     -.01723848
   0.09375     -.01833811
   0.10000     -.01942173
   0.10625     -.02048825
   0.11250     -.02153883
   0.11875     -.02257346
   0.12500     -.02359214
   0.13125     -.02459486
   0.13750     -.02558158
   0.14375     -.02655229
   0.15000     -.02750694
   0.15625     -.02844552
   0.16250     -.02936797
   0.16875     -.03027428
   0.17500     -.03116439
   0.18125     -.03203828
   0.18750     -.03289590
   0.19375     -.03373722
   0.20000     -.03456220
   0.20625     -.03536964
   0.21250     -.03616067
   0.21875     -.03693525
   0.22500     -.03769335
   0.23125     -.03843493
   0.23750     -.03915997
   0.24375     -.03986843
   0.25000     -.04056029
   0.25625     -.04123551
   0.26250     -.04189407
   0.26875     -.04253593
   0.27500     -.04316108
   0.28125     -.04376948
   0.28750     -.04436110
   0.29375     -.04493594
   0.30000     -.04549395
   0.30625     -.04603392
   0.31250     -.04655702
   0.31875     -.04706323
   0.32500     -.04755253
   0.33125     -.04802491
   0.33750     -.04848033
   0.34375     -.04891879
   0.35000     -.04934027
   0.35625     -.04974475
   0.36250     -.05013221
   0.36875     -.05050264
   0.37500     -.05085602
   0.38125     -.05119234
   0.38750     -.05151159
   0.39375     -.05181376
   0.40000     -.05209882
   0.40625     -.05236556
   0.41250     -.05261517
   0.41875     -.05284766
   0.42500     -.05306300
   0.43125     -.05326120
   0.43750     -.05344224
   0.44375     -.05360611
   0.45000     -.05375282
   0.45625     -.05388236
   0.46250     -.05399471
   0.46875     -.05408989
   0.47500     -.05416787
   0.48125     -.05422867
   0.48750     -.05427227
   0.49375     -.05429868
   0.50000     -.05430789
   0.50625     -.05429868
   0.51250     -.05427227
   0.51875     -.05422867
   0.52500     -.05416787
   0.53125     -.05408989
   0.53750     -.05399471
   0.54375     -.05388236
   0.55000     -.05375282
   0.55625     -.05360611
   0.56250     -.05344224
   0.56875     -.05326120
   0.57500     -.05306300
   0.58125     -.05284766
   0.58750     -.05261517
   0.59375     -.05236556
   0.60000     -.05209882
   0.60625     -.05181376
   0.61250     -.05151159
   0.61875     -.05119234
   0.62500     -.05085602
   0.63125     -.05050264
   0.63750     -.05013221
   0.64375     -.04974475
   0.65000     -.04934027
   0.65625     -.04891879
   0.66250     -.04848033
   0.66875     -.04802491
   0.67500     -.04755253
   0.68125     -.04706323
   0.68750     -.04655702
   0.69375     -.04603392
   0.70000     -.04549395
   0.70625     -.04493594
   0.71250     -.04436110
   0.71875     -.04376948
   0.72500     -.04316108
   0.73125     -.04253593
   0.73750     -.04189407
   0.74375     -.04123551
   0.75000     -.04056029
   0.75625     -.03986843
   0.76250     -.03915997
   0.76875     -.03843493
   0.77500     -.03769335
   0.78125     -.03693525
   0.78750     -.03616067
   0.79375     -.03536964
   0.80000     -.03456220
   0.80625     -.03373722
   0.81250     -.03289590
   0.81875     -.03203828
   0.82500     -.03116439
   0.83125     -.03027428
   0.83750     -.02936797
   0.84375     -.02844552
   0.85000     -.02750694
   0.85625     -.02655229
   0.86250     -.02558158
   0.86875     -.02459486
   0.87500     -.02359214
   0.88125     -.02257346
   0.88750     -.02153883
   0.89375     -.02048825
   0.90000     -.01942173
   0.90625     -.01833811
   0.91250     -.01723848
   0.91875     -.01612278
   0.92500     -.01499091
   0.93125     -.01384274
   0.93750     -.01267809
   0.94375     -.01149669
   0.95000     -.01029821
   0.95625     -.00908221
   0.96250     -.00784811
   0.96875     -.00659515
   0.97500     -.00532231
   0.98125     -.00402827
   0.98750     -.00271133
   0.99375     -.00136938
   1.00000     -.00000000
