   0.00000     -.00000000
   0.00625     -.00014543
   0.01250     -.00028986
   0.01875     -.00043327
   0.02500     -.00057562
   0.03125     -.00071688
   0.03750     -.00085702
   0.04375     -.00099601
   0.05000     -.00113382
   0.05625     -.00127041
   0.06250     -.00140576
   0.06875     -.00153984
   0.07500     -.00167262
   0.08125     -.00180407
   0.08750     -.00193416
   0.09375     -.00206287
   0.10000     -.00219017
   0.10625     -.00231593
   0.11250     -.00244022
   0.11875     -.00256303
   0.12500     -.00268431
   0.13125     -.00280406
   0.13750     -.00292224
   0.14375     -.00303884
   0.15000     -.00315383
   0.15625     -.00326719
   0.16250     -.00337890
   0.16875     -.00348894
   0.17500     -.00359728
   0.18125     -.00370391
   0.18750     -.00380880
   0.19375     -.00391194
   0.20000     -.00401331
   0.20625     -.00411276
   0.21250     -.00421040
   0.21875     -.00430621
   0.22500     -.00440018
   0.23125     -.00449228
   0.23750     -.00458250
   0.24375     -.00467082
   0.25000     -.00475724
   0.25625     -.00484172
   0.26250     -.00492427
   0.26875     -.00500486
   0.27500     -.00508348
   0.28125     -.00516012
   0.28750     -.00523476
   0.29375     -.00530740
   0.30000     -.00537801
   0.30625     -.00544644
   0.31250     -.00551282
   0.31875     -.00557714
   0.32500     -.00563939
   0.33125     -.00569956
   0.33750     -.00575765
   0.34375     -.00581363
   0.35000     -.00586750
   0.35625     -.00591925
   0.36250     -.00596887
   0.36875     -.00601636
   0.37500     -.00606171
   0.38125     -.00610490
   0.38750     -.00614593
   0.39375     -.00618480
   0.40000     -.00622149
   0.40625     -.00625586
   0.41250     -.00628803
   0.41875     -.00631802
   0.42500     -.00634581
   0.43125     -.00637140
   0.43750     -.00639478
   0.44375     -.00641596
   0.45000     -.00643493
   0.45625     -.00645168
   0.46250     -.00646621
   0.46875     -.00647853
   0.47500     -.00648862
   0.48125     -.00649649
   0.48750     -.00650214
   0.49375     -.00650556
   0.50000     -.00650675
   0.50625     -.00650556
   0.51250     -.00650214
   0.51875     -.00649649
   0.52500     -.00648862
   0.53125     -.00647853
   0.53750     -.00646621
   0.54375     -.00645168
   0.55000     -.00643493
   0.55625     -.00641596
   0.56250     -.00639478
   0.56875     -.00637140
   0.57500     -.00634581
   0.58125     -.00631802
   0.58750     -.00628803
   0.59375     -.00625586
   0.60000     -.00622149
   0.60625     -.00618480
   0.61250     -.00614593
   0.61875     -.00610490
   0.62500     -.00606171
   0.63125     -.00601636
   0.63750     -.00596887
   0.64375     -.00591925
   0.65000     -.00586750
   0.65625     -.00581363
   0.66250     -.00575765
   0.66875     -.00569956
   0.67500     -.00563939
   0.68125     -.00557714
   0.68750     -.00551282
   0.69375     -.00544644
   0.70000     -.00537801
   0.70625     -.00530740
   0.71250     -.00523476
   0.71875     -.00516012
   0.72500     -.00508348
   0.73125     -.00500486
   0.73750     -.00492427
   0.74375     -.00484172
   0.75000     -.00475724
   0.75625     -.00467082
   0.76250     -.00458250
   0.76875     -.00449228
   0.77500     -.00440018
   0.78125     -.00430621
   0.78750     -.00421040
   0.79375     -.00411276
   0.80000     -.00401331
   0.80625     -.00391194
   0.81250     -.00380880
   0.81875     -.00370391
   0.82500     -.00359728
   0.83125     -.00348894
   0.83750     -.00337890
   0.84375     -.00326719
   0.85000     -.00315383
   0.85625     -.00303884
   0.86250     -.00292224
   0.86875     -.00280406
   0.87500     -.00268431
   0.88125     -.00256303
   0.88750     -.00244022
   0.89375     -.00231593
   0.90000     -.00219017
   0.90625     -.00206287
   0.91250     -.00193416
   0.91875     -.00180407
   0.92500     -.00167262
   0.93125     -.00153984
   0.93750     -.00140576
   0.94375     -.00127041
   0.95000     -.00113382
   0.95625     -.00099601
   0.96250     -.00085702
   0.96875     -.00071688
   0.97500     -.00057562
   0.98125     -.00043327
   0.98750     -.00028986
   0.99375     -.00014543
   1.00000     -.00000000
