   0.00000     -.00002831
   0.00016     -.00003150
   0.00031     -.00003469
   0.00047     -.00003788
   0.00063     -.00004107
   0.00078     -.00004426
   0.00094     -.00004745
   0.00109     -.00005064
   0.00125     -.00005383
   0.00141     -.00005953
   0.00156     -.00006523
   0.00172     -.00007093
   0.00188     -.00007664
   0.00203     -.00008234
   0.00219     -.00008804
   0.00234     -.00009374
   0.00250     -.00009945
   0.00266     -.00010382
   0.00281     -.00010819
   0.00297     -.00011256
   0.00313     -.00011693
   0.00328     -.00012130
   0.00344     -.00012567
   0.00359     -.00013004
   0.00375     -.00013442
   0.00391     -.00013760
   0.00406     -.00014079
   0.00422     -.00014397
   0.00438     -.00014716
   0.00453     -.00015035
   0.00469     -.00015353
   0.00484     -.00015672
   0.00500     -.00015991
   0.00516     -.00016217
   0.00531     -.00016443
   0.00547     -.00016669
   0.00563     -.00016894
   0.00578     -.00017120
   0.00594     -.00017346
   0.00609     -.00017572
   0.00625     -.00017798
   0.00641     -.00017955
   0.00656     -.00018112
   0.00672     -.00018269
   0.00688     -.00018426
   0.00703     -.00018583
   0.00719     -.00018740
   0.00734     -.00018897
   0.00750     -.00019054
   0.00766     -.00019160
   0.00781     -.00019266
   0.00797     -.00019372
   0.00813     -.00019478
   0.00828     -.00019584
   0.00844     -.00019690
   0.00859     -.00019796
   0.00875     -.00019902
   0.00891     -.00019969
   0.00906     -.00020037
   0.00922     -.00020105
   0.00938     -.00020172
   0.00953     -.00020240
   0.00969     -.00020307
   0.00984     -.00020375
   0.01000     -.00020442
   0.01016     -.00020479
   0.01031     -.00020517
   0.01047     -.00020554
   0.01063     -.00020591
   0.01078     -.00020628
   0.01094     -.00020666
   0.01109     -.00020703
   0.01125     -.00020740
   0.01141     -.00020752
   0.01156     -.00020764
   0.01172     -.00020776
   0.01188     -.00020787
   0.01203     -.00020799
   0.01219     -.00020811
   0.01234     -.00020823
   0.01250     -.00020835
   0.01266     -.00020823
   0.01281     -.00020811
   0.01297     -.00020799
   0.01313     -.00020787
   0.01328     -.00020775
   0.01344     -.00020763
   0.01359     -.00020751
   0.01375     -.00020739
   0.01391     -.00020701
   0.01406     -.00020664
   0.01422     -.00020627
   0.01438     -.00020589
   0.01453     -.00020552
   0.01469     -.00020515
   0.01484     -.00020477
   0.01500     -.00020440
   0.01516     -.00020372
   0.01531     -.00020305
   0.01547     -.00020237
   0.01563     -.00020170
   0.01578     -.00020102
   0.01594     -.00020035
   0.01609     -.00019967
   0.01625     -.00019900
   0.01641     -.00019794
   0.01656     -.00019688
   0.01672     -.00019582
   0.01688     -.00019476
   0.01703     -.00019370
   0.01719     -.00019264
   0.01734     -.00019158
   0.01750     -.00019052
   0.01766     -.00018895
   0.01781     -.00018738
   0.01797     -.00018581
   0.01813     -.00018424
   0.01828     -.00018267
   0.01844     -.00018110
   0.01859     -.00017953
   0.01875     -.00017796
   0.01891     -.00017570
   0.01906     -.00017345
   0.01922     -.00017119
   0.01938     -.00016893
   0.01953     -.00016667
   0.01969     -.00016441
   0.01984     -.00016215
   0.02000     -.00015989
   0.02016     -.00015670
   0.02031     -.00015352
   0.02047     -.00015033
   0.02063     -.00014714
   0.02078     -.00014396
   0.02094     -.00014077
   0.02109     -.00013759
   0.02125     -.00013440
   0.02141     -.00013003
   0.02156     -.00012566
   0.02172     -.00012129
   0.02188     -.00011692
   0.02203     -.00011254
   0.02219     -.00010817
   0.02234     -.00010380
   0.02250     -.00009943
   0.02266     -.00009373
   0.02281     -.00008803
   0.02297     -.00008233
   0.02313     -.00007662
   0.02328     -.00007092
   0.02344     -.00006522
   0.02359     -.00005952
   0.02375     -.00005382
   0.02391     -.00005063
   0.02406     -.00004744
   0.02422     -.00004425
   0.02438     -.00004106
   0.02453     -.00003787
   0.02469     -.00003468
   0.02484     -.00003149
   0.02500     -.00002830
