   0.00000     -.00000000
   0.00625     -.00039007
   0.01250     -.00077568
   0.01875     -.00115694
   0.02500     -.00153390
   0.03125     -.00190663
   0.03750     -.00227516
   0.04375     -.00263949
   0.05000     -.00299964
   0.05625     -.00335559
   0.06250     -.00370734
   0.06875     -.00405486
   0.07500     -.00439814
   0.08125     -.00473715
   0.08750     -.00507186
   0.09375     -.00540224
   0.10000     -.00572827
   0.10625     -.00604960
   0.11250     -.00636651
   0.11875     -.00667897
   0.12500     -.00698695
   0.13125     -.00729042
   0.13750     -.00758936
   0.14375     -.00788373
   0.15000     -.00817351
   0.15625     -.00845867
   0.16250     -.00873918
   0.16875     -.00901501
   0.17500     -.00928614
   0.18125     -.00955255
   0.18750     -.00981421
   0.19375     -.01007109
   0.20000     -.01032317
   0.20625     -.01057009
   0.21250     -.01081216
   0.21875     -.01104936
   0.22500     -.01128167
   0.23125     -.01150907
   0.23750     -.01173154
   0.24375     -.01194905
   0.25000     -.01216160
   0.25625     -.01236916
   0.26250     -.01257172
   0.26875     -.01276925
   0.27500     -.01296174
   0.28125     -.01314917
   0.28750     -.01333153
   0.29375     -.01350880
   0.30000     -.01368096
   0.30625     -.01384764
   0.31250     -.01400919
   0.31875     -.01416559
   0.32500     -.01431682
   0.33125     -.01446288
   0.33750     -.01460376
   0.34375     -.01473944
   0.35000     -.01486991
   0.35625     -.01499516
   0.36250     -.01511518
   0.36875     -.01522996
   0.37500     -.01533950
   0.38125     -.01544377
   0.38750     -.01554278
   0.39375     -.01563651
   0.40000     -.01572496
   0.40625     -.01580774
   0.41250     -.01588523
   0.41875     -.01595741
   0.42500     -.01602428
   0.43125     -.01608584
   0.43750     -.01614208
   0.44375     -.01619299
   0.45000     -.01623858
   0.45625     -.01627883
   0.46250     -.01631375
   0.46875     -.01634333
   0.47500     -.01636757
   0.48125     -.01638647
   0.48750     -.01640002
   0.49375     -.01640823
   0.50000     -.01641110
   0.50625     -.01640823
   0.51250     -.01640002
   0.51875     -.01638647
   0.52500     -.01636757
   0.53125     -.01634333
   0.53750     -.01631375
   0.54375     -.01627883
   0.55000     -.01623858
   0.55625     -.01619299
   0.56250     -.01614208
   0.56875     -.01608584
   0.57500     -.01602428
   0.58125     -.01595741
   0.58750     -.01588523
   0.59375     -.01580774
   0.60000     -.01572496
   0.60625     -.01563651
   0.61250     -.01554278
   0.61875     -.01544377
   0.62500     -.01533950
   0.63125     -.01522996
   0.63750     -.01511518
   0.64375     -.01499516
   0.65000     -.01486991
   0.65625     -.01473944
   0.66250     -.01460376
   0.66875     -.01446288
   0.67500     -.01431682
   0.68125     -.01416559
   0.68750     -.01400919
   0.69375     -.01384764
   0.70000     -.01368096
   0.70625     -.01350880
   0.71250     -.01333153
   0.71875     -.01314917
   0.72500     -.01296174
   0.73125     -.01276925
   0.73750     -.01257172
   0.74375     -.01236916
   0.75000     -.01216160
   0.75625     -.01194905
   0.76250     -.01173154
   0.76875     -.01150907
   0.77500     -.01128167
   0.78125     -.01104936
   0.78750     -.01081216
   0.79375     -.01057009
   0.80000     -.01032317
   0.80625     -.01007109
   0.81250     -.00981421
   0.81875     -.00955255
   0.82500     -.00928614
   0.83125     -.00901501
   0.83750     -.00873918
   0.84375     -.00845867
   0.85000     -.00817351
   0.85625     -.00788373
   0.86250     -.00758936
   0.86875     -.00729042
   0.87500     -.00698695
   0.88125     -.00667897
   0.88750     -.00636651
   0.89375     -.00604960
   0.90000     -.00572827
   0.90625     -.00540224
   0.91250     -.00507186
   0.91875     -.00473715
   0.92500     -.00439814
   0.93125     -.00405486
   0.93750     -.00370734
   0.94375     -.00335559
   0.95000     -.00299964
   0.95625     -.00263949
   0.96250     -.00227516
   0.96875     -.00190663
   0.97500     -.00153390
   0.98125     -.00115694
   0.98750     -.00077568
   0.99375     -.00039007
   1.00000     -.00000000
