   0.00000     -.00001118
   0.00008     -.00001178
   0.00016     -.00001238
   0.00023     -.00001298
   0.00031     -.00001358
   0.00039     -.00001419
   0.00047     -.00001479
   0.00055     -.00001539
   0.00063     -.00001599
   0.00070     -.00001659
   0.00078     -.00001719
   0.00086     -.00001779
   0.00094     -.00001839
   0.00102     -.00001899
   0.00109     -.00001959
   0.00117     -.00002019
   0.00125     -.00002079
   0.00133     -.00002182
   0.00141     -.00002285
   0.00148     -.00002388
   0.00156     -.00002491
   0.00164     -.00002594
   0.00172     -.00002697
   0.00180     -.00002800
   0.00188     -.00002903
   0.00195     -.00003006
   0.00203     -.00003109
   0.00211     -.00003212
   0.00219     -.00003315
   0.00227     -.00003418
   0.00234     -.00003521
   0.00242     -.00003624
   0.00250     -.00003727
   0.00258     -.00003797
   0.00266     -.00003866
   0.00273     -.00003936
   0.00281     -.00004006
   0.00289     -.00004076
   0.00297     -.00004146
   0.00305     -.00004215
   0.00313     -.00004285
   0.00320     -.00004355
   0.00328     -.00004425
   0.00336     -.00004495
   0.00344     -.00004564
   0.00352     -.00004634
   0.00359     -.00004704
   0.00367     -.00004774
   0.00375     -.00004844
   0.00383     -.00004883
   0.00391     -.00004923
   0.00398     -.00004963
   0.00406     -.00005003
   0.00414     -.00005043
   0.00422     -.00005082
   0.00430     -.00005122
   0.00438     -.00005162
   0.00445     -.00005202
   0.00453     -.00005241
   0.00461     -.00005281
   0.00469     -.00005321
   0.00477     -.00005361
   0.00484     -.00005401
   0.00492     -.00005440
   0.00500     -.00005480
   0.00508     -.00005493
   0.00516     -.00005506
   0.00523     -.00005519
   0.00531     -.00005532
   0.00539     -.00005544
   0.00547     -.00005557
   0.00555     -.00005570
   0.00563     -.00005583
   0.00570     -.00005596
   0.00578     -.00005609
   0.00586     -.00005621
   0.00594     -.00005634
   0.00602     -.00005647
   0.00609     -.00005660
   0.00617     -.00005673
   0.00625     -.00005686
   0.00633     -.00005673
   0.00641     -.00005660
   0.00648     -.00005647
   0.00656     -.00005634
   0.00664     -.00005621
   0.00672     -.00005609
   0.00680     -.00005596
   0.00688     -.00005583
   0.00695     -.00005570
   0.00703     -.00005557
   0.00711     -.00005544
   0.00719     -.00005531
   0.00727     -.00005519
   0.00734     -.00005506
   0.00742     -.00005493
   0.00750     -.00005480
   0.00758     -.00005440
   0.00766     -.00005400
   0.00773     -.00005361
   0.00781     -.00005321
   0.00789     -.00005281
   0.00797     -.00005241
   0.00805     -.00005202
   0.00813     -.00005162
   0.00820     -.00005122
   0.00828     -.00005082
   0.00836     -.00005042
   0.00844     -.00005003
   0.00852     -.00004963
   0.00859     -.00004923
   0.00867     -.00004883
   0.00875     -.00004844
   0.00883     -.00004774
   0.00891     -.00004704
   0.00898     -.00004634
   0.00906     -.00004564
   0.00914     -.00004494
   0.00922     -.00004425
   0.00930     -.00004355
   0.00938     -.00004285
   0.00945     -.00004215
   0.00953     -.00004145
   0.00961     -.00004076
   0.00969     -.00004006
   0.00977     -.00003936
   0.00984     -.00003866
   0.00992     -.00003796
   0.01000     -.00003727
   0.01008     -.00003624
   0.01016     -.00003521
   0.01023     -.00003418
   0.01031     -.00003315
   0.01039     -.00003212
   0.01047     -.00003109
   0.01055     -.00003006
   0.01063     -.00002903
   0.01070     -.00002800
   0.01078     -.00002697
   0.01086     -.00002594
   0.01094     -.00002491
   0.01102     -.00002388
   0.01109     -.00002285
   0.01117     -.00002182
   0.01125     -.00002079
   0.01133     -.00002019
   0.01141     -.00001959
   0.01148     -.00001899
   0.01156     -.00001839
   0.01164     -.00001779
   0.01172     -.00001719
   0.01180     -.00001659
   0.01188     -.00001599
   0.01195     -.00001539
   0.01203     -.00001479
   0.01211     -.00001418
   0.01219     -.00001358
   0.01227     -.00001298
   0.01234     -.00001238
   0.01242     -.00001178
   0.01250     -.00001118
