   0.00000     -.00017353
   0.00031     -.00021322
   0.00062     -.00025292
   0.00094     -.00029261
   0.00125     -.00033230
   0.00156     -.00040386
   0.00187     -.00047542
   0.00219     -.00054698
   0.00250     -.00061855
   0.00281     -.00067439
   0.00312     -.00073024
   0.00344     -.00078608
   0.00375     -.00084193
   0.00406     -.00088363
   0.00437     -.00092532
   0.00469     -.00096702
   0.00500     -.00100871
   0.00531     -.00103967
   0.00562     -.00107062
   0.00594     -.00110157
   0.00625     -.00113252
   0.00656     -.00115574
   0.00688     -.00117896
   0.00719     -.00120218
   0.00750     -.00122541
   0.00781     -.00124302
   0.00813     -.00126063
   0.00844     -.00127825
   0.00875     -.00129586
   0.00906     -.00130932
   0.00938     -.00132277
   0.00969     -.00133623
   0.01000     -.00134969
   0.01031     -.00136001
   0.01063     -.00137034
   0.01094     -.00138066
   0.01125     -.00139098
   0.01156     -.00139892
   0.01188     -.00140685
   0.01219     -.00141479
   0.01250     -.00142273
   0.01281     -.00142883
   0.01313     -.00143493
   0.01344     -.00144103
   0.01375     -.00144712
   0.01406     -.00145180
   0.01438     -.00145648
   0.01469     -.00146116
   0.01500     -.00146584
   0.01531     -.00146942
   0.01563     -.00147299
   0.01594     -.00147657
   0.01625     -.00148014
   0.01656     -.00148285
   0.01688     -.00148556
   0.01719     -.00148826
   0.01750     -.00149097
   0.01781     -.00149299
   0.01813     -.00149502
   0.01844     -.00149704
   0.01875     -.00149906
   0.01906     -.00150053
   0.01938     -.00150201
   0.01969     -.00150348
   0.02000     -.00150495
   0.02031     -.00150597
   0.02063     -.00150700
   0.02094     -.00150802
   0.02125     -.00150905
   0.02156     -.00150970
   0.02188     -.00151036
   0.02219     -.00151101
   0.02250     -.00151167
   0.02281     -.00151203
   0.02313     -.00151238
   0.02344     -.00151274
   0.02375     -.00151309
   0.02406     -.00151321
   0.02438     -.00151332
   0.02469     -.00151343
   0.02500     -.00151354
   0.02531     -.00151344
   0.02562     -.00151333
   0.02594     -.00151322
   0.02625     -.00151311
   0.02656     -.00151276
   0.02687     -.00151241
   0.02719     -.00151206
   0.02750     -.00151171
   0.02781     -.00151106
   0.02812     -.00151040
   0.02844     -.00150975
   0.02875     -.00150910
   0.02906     -.00150808
   0.02937     -.00150706
   0.02969     -.00150604
   0.03000     -.00150502
   0.03031     -.00150355
   0.03062     -.00150208
   0.03094     -.00150061
   0.03125     -.00149914
   0.03156     -.00149712
   0.03188     -.00149510
   0.03219     -.00149308
   0.03250     -.00149106
   0.03281     -.00148836
   0.03313     -.00148565
   0.03344     -.00148294
   0.03375     -.00148023
   0.03406     -.00147666
   0.03438     -.00147308
   0.03469     -.00146951
   0.03500     -.00146593
   0.03531     -.00146125
   0.03563     -.00145656
   0.03594     -.00145188
   0.03625     -.00144720
   0.03656     -.00144109
   0.03688     -.00143498
   0.03719     -.00142887
   0.03750     -.00142276
   0.03781     -.00141482
   0.03813     -.00140687
   0.03844     -.00139892
   0.03875     -.00139097
   0.03906     -.00138063
   0.03938     -.00137028
   0.03969     -.00135994
   0.04000     -.00134959
   0.04031     -.00133611
   0.04063     -.00132262
   0.04094     -.00130913
   0.04125     -.00129565
   0.04156     -.00127799
   0.04188     -.00126033
   0.04219     -.00124267
   0.04250     -.00122501
   0.04281     -.00120172
   0.04313     -.00117842
   0.04344     -.00115513
   0.04375     -.00113184
   0.04406     -.00110077
   0.04438     -.00106971
   0.04469     -.00103865
   0.04500     -.00100759
   0.04531     -.00096574
   0.04563     -.00092389
   0.04594     -.00088205
   0.04625     -.00084020
   0.04656     -.00078424
   0.04688     -.00072829
   0.04719     -.00067233
   0.04750     -.00061637
   0.04781     -.00054494
   0.04813     -.00047350
   0.04844     -.00040206
   0.04875     -.00033062
   0.04906     -.00029108
   0.04938     -.00025154
   0.04969     -.00021200
   0.05000     -.00017246
