   0.00000     0.01041586
   0.00008     0.01024938
   0.00016     0.01008290
   0.00023     0.00991643
   0.00031     0.00974995
   0.00039     0.00958347
   0.00047     0.00941699
   0.00055     0.00925052
   0.00063     0.00908404
   0.00070     0.00891756
   0.00078     0.00875108
   0.00086     0.00858461
   0.00094     0.00841813
   0.00102     0.00825165
   0.00109     0.00808517
   0.00117     0.00791870
   0.00125     0.00775222
   0.00133     0.00759186
   0.00141     0.00743151
   0.00148     0.00727115
   0.00156     0.00711079
   0.00164     0.00695043
   0.00172     0.00679008
   0.00180     0.00662972
   0.00188     0.00646936
   0.00195     0.00630901
   0.00203     0.00614865
   0.00211     0.00598829
   0.00219     0.00582794
   0.00227     0.00566758
   0.00234     0.00550722
   0.00242     0.00534687
   0.00250     0.00518651
   0.00258     0.00506020
   0.00266     0.00493389
   0.00273     0.00480758
   0.00281     0.00468127
   0.00289     0.00455496
   0.00297     0.00442865
   0.00305     0.00430234
   0.00313     0.00417603
   0.00320     0.00404972
   0.00328     0.00392341
   0.00336     0.00379710
   0.00344     0.00367079
   0.00352     0.00354448
   0.00359     0.00341816
   0.00367     0.00329185
   0.00375     0.00316554
   0.00383     0.00306125
   0.00391     0.00295697
   0.00398     0.00285268
   0.00406     0.00274839
   0.00414     0.00264410
   0.00422     0.00253981
   0.00430     0.00243552
   0.00438     0.00233123
   0.00445     0.00222694
   0.00453     0.00212265
   0.00461     0.00201836
   0.00469     0.00191407
   0.00477     0.00180978
   0.00484     0.00170549
   0.00492     0.00160120
   0.00500     0.00149691
   0.00508     0.00140336
   0.00516     0.00130980
   0.00523     0.00121625
   0.00531     0.00112269
   0.00539     0.00102913
   0.00547     0.00093558
   0.00555     0.00084202
   0.00563     0.00074847
   0.00570     0.00065491
   0.00578     0.00056135
   0.00586     0.00046780
   0.00594     0.00037424
   0.00602     0.00028069
   0.00609     0.00018713
   0.00617     0.00009357
   0.00625     0.00000002
   0.00633     -.00009354
   0.00641     -.00018709
   0.00648     -.00028065
   0.00656     -.00037421
   0.00664     -.00046776
   0.00672     -.00056132
   0.00680     -.00065488
   0.00688     -.00074843
   0.00695     -.00084199
   0.00703     -.00093555
   0.00711     -.00102910
   0.00719     -.00112266
   0.00727     -.00121621
   0.00734     -.00130977
   0.00742     -.00140333
   0.00750     -.00149688
   0.00758     -.00160117
   0.00766     -.00170547
   0.00773     -.00180976
   0.00781     -.00191405
   0.00789     -.00201834
   0.00797     -.00212263
   0.00805     -.00222692
   0.00813     -.00233121
   0.00820     -.00243550
   0.00828     -.00253979
   0.00836     -.00264408
   0.00844     -.00274837
   0.00852     -.00285266
   0.00859     -.00295695
   0.00867     -.00306124
   0.00875     -.00316553
   0.00883     -.00329184
   0.00891     -.00341816
   0.00898     -.00354447
   0.00906     -.00367078
   0.00914     -.00379709
   0.00922     -.00392340
   0.00930     -.00404972
   0.00938     -.00417603
   0.00945     -.00430234
   0.00953     -.00442865
   0.00961     -.00455496
   0.00969     -.00468127
   0.00977     -.00480759
   0.00984     -.00493390
   0.00992     -.00506021
   0.01000     -.00518652
   0.01008     -.00534688
   0.01016     -.00550724
   0.01023     -.00566760
   0.01031     -.00582795
   0.01039     -.00598831
   0.01047     -.00614867
   0.01055     -.00630903
   0.01063     -.00646939
   0.01070     -.00662974
   0.01078     -.00679010
   0.01086     -.00695046
   0.01094     -.00711082
   0.01102     -.00727118
   0.01109     -.00743153
   0.01117     -.00759189
   0.01125     -.00775225
   0.01133     -.00791873
   0.01141     -.00808521
   0.01148     -.00825168
   0.01156     -.00841816
   0.01164     -.00858464
   0.01172     -.00875112
   0.01180     -.00891760
   0.01188     -.00908407
   0.01195     -.00925055
   0.01203     -.00941703
   0.01211     -.00958351
   0.01219     -.00974999
   0.01227     -.00991646
   0.01234     -.01008294
   0.01242     -.01024942
   0.01250     -.01041590
