   0.00000     0.00000000
   0.00625     -.00176248
   0.01250     -.00347281
   0.01875     -.00514043
   0.02500     -.00677230
   0.03125     -.00837339
   0.03750     -.00994726
   0.04375     -.01149640
   0.05000     -.01302258
   0.05625     -.01452701
   0.06250     -.01601054
   0.06875     -.01747375
   0.07500     -.01891701
   0.08125     -.02034058
   0.08750     -.02174461
   0.09375     -.02312917
   0.10000     -.02449429
   0.10625     -.02583859
   0.11250     -.02716341
   0.11875     -.02846871
   0.12500     -.02975442
   0.13125     -.03102050
   0.13750     -.03226685
   0.14375     -.03349342
   0.15000     -.03470013
   0.15625     -.03588691
   0.16250     -.03705369
   0.16875     -.03820039
   0.17500     -.03932693
   0.18125     -.04043326
   0.18750     -.04151931
   0.19375     -.04258500
   0.20000     -.04363026
   0.20625     -.04465358
   0.21250     -.04565635
   0.21875     -.04663849
   0.22500     -.04759997
   0.23125     -.04854071
   0.23750     -.04946067
   0.24375     -.05035979
   0.25000     -.05123801
   0.25625     -.05209529
   0.26250     -.05293158
   0.26875     -.05374682
   0.27500     -.05454097
   0.28125     -.05531399
   0.28750     -.05606584
   0.29375     -.05679646
   0.30000     -.05750582
   0.30625     -.05819236
   0.31250     -.05885755
   0.31875     -.05950136
   0.32500     -.06012375
   0.33125     -.06072469
   0.33750     -.06130414
   0.34375     -.06186208
   0.35000     -.06239848
   0.35625     -.06291329
   0.36250     -.06340651
   0.36875     -.06387809
   0.37500     -.06432802
   0.38125     -.06475627
   0.38750     -.06516281
   0.39375     -.06554763
   0.40000     -.06591071
   0.40625     -.06625047
   0.41250     -.06656844
   0.41875     -.06686460
   0.42500     -.06713895
   0.43125     -.06739147
   0.43750     -.06762215
   0.44375     -.06783096
   0.45000     -.06801791
   0.45625     -.06818298
   0.46250     -.06832616
   0.46875     -.06844744
   0.47500     -.06854683
   0.48125     -.06862431
   0.48750     -.06867988
   0.49375     -.06871353
   0.50000     -.06872527
   0.50625     -.06871353
   0.51250     -.06867988
   0.51875     -.06862431
   0.52500     -.06854683
   0.53125     -.06844744
   0.53750     -.06832616
   0.54375     -.06818298
   0.55000     -.06801791
   0.55625     -.06783096
   0.56250     -.06762215
   0.56875     -.06739147
   0.57500     -.06713895
   0.58125     -.06686460
   0.58750     -.06656844
   0.59375     -.06625047
   0.60000     -.06591071
   0.60625     -.06554763
   0.61250     -.06516281
   0.61875     -.06475627
   0.62500     -.06432802
   0.63125     -.06387809
   0.63750     -.06340651
   0.64375     -.06291329
   0.65000     -.06239848
   0.65625     -.06186208
   0.66250     -.06130414
   0.66875     -.06072469
   0.67500     -.06012375
   0.68125     -.05950136
   0.68750     -.05885755
   0.69375     -.05819236
   0.70000     -.05750582
   0.70625     -.05679646
   0.71250     -.05606584
   0.71875     -.05531399
   0.72500     -.05454097
   0.73125     -.05374682
   0.73750     -.05293158
   0.74375     -.05209529
   0.75000     -.05123801
   0.75625     -.05035979
   0.76250     -.04946067
   0.76875     -.04854071
   0.77500     -.04759997
   0.78125     -.04663849
   0.78750     -.04565635
   0.79375     -.04465358
   0.80000     -.04363026
   0.80625     -.04258500
   0.81250     -.04151931
   0.81875     -.04043326
   0.82500     -.03932693
   0.83125     -.03820039
   0.83750     -.03705369
   0.84375     -.03588691
   0.85000     -.03470013
   0.85625     -.03349342
   0.86250     -.03226685
   0.86875     -.03102050
   0.87500     -.02975442
   0.88125     -.02846871
   0.88750     -.02716341
   0.89375     -.02583859
   0.90000     -.02449429
   0.90625     -.02312917
   0.91250     -.02174461
   0.91875     -.02034058
   0.92500     -.01891701
   0.93125     -.01747375
   0.93750     -.01601054
   0.94375     -.01452701
   0.95000     -.01302258
   0.95625     -.01149640
   0.96250     -.00994726
   0.96875     -.00837339
   0.97500     -.00677230
   0.98125     -.00514043
   0.98750     -.00347281
   0.99375     -.00176248
   1.00000     -.00000000
