   0.00000     0.00986394
   0.00008     0.00972778
   0.00016     0.00959162
   0.00023     0.00945547
   0.00031     0.00931931
   0.00039     0.00918315
   0.00047     0.00904700
   0.00055     0.00891084
   0.00063     0.00877469
   0.00070     0.00863853
   0.00078     0.00850237
   0.00086     0.00836622
   0.00094     0.00823006
   0.00102     0.00809390
   0.00109     0.00795775
   0.00117     0.00782159
   0.00125     0.00768543
   0.00133     0.00754344
   0.00141     0.00740144
   0.00148     0.00725945
   0.00156     0.00711745
   0.00164     0.00697546
   0.00172     0.00683346
   0.00180     0.00669147
   0.00188     0.00654947
   0.00195     0.00640748
   0.00203     0.00626548
   0.00211     0.00612349
   0.00219     0.00598149
   0.00227     0.00583950
   0.00234     0.00569751
   0.00242     0.00555551
   0.00250     0.00541352
   0.00258     0.00529036
   0.00266     0.00516720
   0.00273     0.00504404
   0.00281     0.00492088
   0.00289     0.00479772
   0.00297     0.00467456
   0.00305     0.00455140
   0.00313     0.00442824
   0.00320     0.00430508
   0.00328     0.00418192
   0.00336     0.00405876
   0.00344     0.00393560
   0.00352     0.00381244
   0.00359     0.00368928
   0.00367     0.00356612
   0.00375     0.00344296
   0.00383     0.00333226
   0.00391     0.00322157
   0.00398     0.00311088
   0.00406     0.00300019
   0.00414     0.00288950
   0.00422     0.00277881
   0.00430     0.00266812
   0.00438     0.00255743
   0.00445     0.00244674
   0.00453     0.00233604
   0.00461     0.00222535
   0.00469     0.00211466
   0.00477     0.00200397
   0.00484     0.00189328
   0.00492     0.00178259
   0.00500     0.00167190
   0.00508     0.00156740
   0.00516     0.00146291
   0.00523     0.00135842
   0.00531     0.00125393
   0.00539     0.00114943
   0.00547     0.00104494
   0.00555     0.00094045
   0.00563     0.00083595
   0.00570     0.00073146
   0.00578     0.00062697
   0.00586     0.00052247
   0.00594     0.00041798
   0.00602     0.00031349
   0.00609     0.00020899
   0.00617     0.00010450
   0.00625     0.00000001
   0.00633     -.00010449
   0.00641     -.00020898
   0.00648     -.00031347
   0.00656     -.00041797
   0.00664     -.00052246
   0.00672     -.00062695
   0.00680     -.00073145
   0.00688     -.00083594
   0.00695     -.00094043
   0.00703     -.00104492
   0.00711     -.00114942
   0.00719     -.00125391
   0.00727     -.00135840
   0.00734     -.00146290
   0.00742     -.00156739
   0.00750     -.00167188
   0.00758     -.00178258
   0.00766     -.00189327
   0.00773     -.00200396
   0.00781     -.00211465
   0.00789     -.00222534
   0.00797     -.00233603
   0.00805     -.00244673
   0.00813     -.00255742
   0.00820     -.00266811
   0.00828     -.00277880
   0.00836     -.00288949
   0.00844     -.00300018
   0.00852     -.00311088
   0.00859     -.00322157
   0.00867     -.00333226
   0.00875     -.00344295
   0.00883     -.00356611
   0.00891     -.00368927
   0.00898     -.00381243
   0.00906     -.00393559
   0.00914     -.00405875
   0.00922     -.00418191
   0.00930     -.00430507
   0.00938     -.00442824
   0.00945     -.00455140
   0.00953     -.00467456
   0.00961     -.00479772
   0.00969     -.00492088
   0.00977     -.00504404
   0.00984     -.00516720
   0.00992     -.00529036
   0.01000     -.00541352
   0.01008     -.00555552
   0.01016     -.00569751
   0.01023     -.00583951
   0.01031     -.00598150
   0.01039     -.00612350
   0.01047     -.00626549
   0.01055     -.00640749
   0.01063     -.00654948
   0.01070     -.00669148
   0.01078     -.00683347
   0.01086     -.00697547
   0.01094     -.00711746
   0.01102     -.00725946
   0.01109     -.00740145
   0.01117     -.00754345
   0.01125     -.00768545
   0.01133     -.00782160
   0.01141     -.00795776
   0.01148     -.00809392
   0.01156     -.00823007
   0.01164     -.00836623
   0.01172     -.00850239
   0.01180     -.00863854
   0.01188     -.00877470
   0.01195     -.00891086
   0.01203     -.00904701
   0.01211     -.00918317
   0.01219     -.00931933
   0.01227     -.00945548
   0.01234     -.00959164
   0.01242     -.00972780
   0.01250     -.00986395
