   0.00000     -.00007319
   0.00031     -.00009037
   0.00063     -.00010755
   0.00094     -.00012473
   0.00125     -.00014191
   0.00156     -.00017391
   0.00188     -.00020590
   0.00219     -.00023790
   0.00250     -.00026989
   0.00281     -.00029690
   0.00313     -.00032390
   0.00344     -.00035090
   0.00375     -.00037791
   0.00406     -.00039983
   0.00438     -.00042176
   0.00469     -.00044368
   0.00500     -.00046561
   0.00531     -.00048301
   0.00563     -.00050041
   0.00594     -.00051781
   0.00625     -.00053522
   0.00656     -.00054887
   0.00688     -.00056252
   0.00719     -.00057617
   0.00750     -.00058982
   0.00781     -.00060046
   0.00813     -.00061109
   0.00844     -.00062173
   0.00875     -.00063237
   0.00906     -.00064063
   0.00938     -.00064889
   0.00969     -.00065715
   0.01000     -.00066541
   0.01031     -.00067181
   0.01063     -.00067821
   0.01094     -.00068460
   0.01125     -.00069100
   0.01156     -.00069594
   0.01188     -.00070088
   0.01219     -.00070582
   0.01250     -.00071077
   0.01281     -.00071457
   0.01313     -.00071838
   0.01344     -.00072219
   0.01375     -.00072599
   0.01406     -.00072891
   0.01438     -.00073183
   0.01469     -.00073475
   0.01500     -.00073767
   0.01531     -.00073990
   0.01563     -.00074212
   0.01594     -.00074435
   0.01625     -.00074657
   0.01656     -.00074825
   0.01688     -.00074993
   0.01719     -.00075160
   0.01750     -.00075328
   0.01781     -.00075452
   0.01813     -.00075576
   0.01844     -.00075700
   0.01875     -.00075824
   0.01906     -.00075913
   0.01938     -.00076001
   0.01969     -.00076090
   0.02000     -.00076179
   0.02031     -.00076239
   0.02063     -.00076298
   0.02094     -.00076358
   0.02125     -.00076418
   0.02156     -.00076453
   0.02188     -.00076489
   0.02219     -.00076525
   0.02250     -.00076561
   0.02281     -.00076578
   0.02313     -.00076595
   0.02344     -.00076612
   0.02375     -.00076629
   0.02406     -.00076633
   0.02438     -.00076636
   0.02469     -.00076639
   0.02500     -.00076643
   0.02531     -.00076635
   0.02563     -.00076627
   0.02594     -.00076620
   0.02625     -.00076612
   0.02656     -.00076592
   0.02688     -.00076572
   0.02719     -.00076552
   0.02750     -.00076532
   0.02781     -.00076495
   0.02813     -.00076458
   0.02844     -.00076421
   0.02875     -.00076384
   0.02906     -.00076325
   0.02938     -.00076265
   0.02969     -.00076206
   0.03000     -.00076146
   0.03031     -.00076058
   0.03063     -.00075970
   0.03094     -.00075882
   0.03125     -.00075793
   0.03156     -.00075670
   0.03188     -.00075547
   0.03219     -.00075423
   0.03250     -.00075300
   0.03281     -.00075133
   0.03313     -.00074966
   0.03344     -.00074798
   0.03375     -.00074631
   0.03406     -.00074409
   0.03438     -.00074187
   0.03469     -.00073965
   0.03500     -.00073743
   0.03531     -.00073452
   0.03563     -.00073160
   0.03594     -.00072869
   0.03625     -.00072577
   0.03656     -.00072197
   0.03688     -.00071816
   0.03719     -.00071436
   0.03750     -.00071056
   0.03781     -.00070562
   0.03813     -.00070068
   0.03844     -.00069574
   0.03875     -.00069080
   0.03906     -.00068441
   0.03938     -.00067801
   0.03969     -.00067162
   0.04000     -.00066523
   0.04031     -.00065697
   0.04063     -.00064871
   0.04094     -.00064045
   0.04125     -.00063219
   0.04156     -.00062155
   0.04188     -.00061091
   0.04219     -.00060028
   0.04250     -.00058964
   0.04281     -.00057599
   0.04313     -.00056234
   0.04344     -.00054869
   0.04375     -.00053504
   0.04406     -.00051764
   0.04438     -.00050024
   0.04469     -.00048283
   0.04500     -.00046543
   0.04531     -.00044351
   0.04563     -.00042158
   0.04594     -.00039966
   0.04625     -.00037774
   0.04656     -.00035074
   0.04688     -.00032374
   0.04719     -.00029674
   0.04750     -.00026974
   0.04781     -.00023776
   0.04813     -.00020578
   0.04844     -.00017380
   0.04875     -.00014182
   0.04906     -.00012464
   0.04938     -.00010747
   0.04969     -.00009030
   0.05000     -.00007313
