   0.00000     0.06039474
   0.00031     0.05923537
   0.00062     0.05807599
   0.00094     0.05691662
   0.00125     0.05575725
   0.00156     0.05380687
   0.00187     0.05185649
   0.00219     0.04990611
   0.00250     0.04795573
   0.00281     0.04579573
   0.00312     0.04363573
   0.00344     0.04147574
   0.00375     0.03931574
   0.00406     0.03732562
   0.00437     0.03533550
   0.00469     0.03334538
   0.00500     0.03135527
   0.00531     0.02968285
   0.00562     0.02801044
   0.00594     0.02633803
   0.00625     0.02466562
   0.00656     0.02331696
   0.00688     0.02196830
   0.00719     0.02061964
   0.00750     0.01927098
   0.00781     0.01820387
   0.00813     0.01713676
   0.00844     0.01606964
   0.00875     0.01500253
   0.00906     0.01416640
   0.00938     0.01333028
   0.00969     0.01249415
   0.01000     0.01165802
   0.01031     0.01100620
   0.01063     0.01035439
   0.01094     0.00970257
   0.01125     0.00905075
   0.01156     0.00854382
   0.01188     0.00803689
   0.01219     0.00752995
   0.01250     0.00702302
   0.01281     0.00662897
   0.01313     0.00623491
   0.01344     0.00584085
   0.01375     0.00544680
   0.01406     0.00514010
   0.01438     0.00483340
   0.01469     0.00452670
   0.01500     0.00422000
   0.01531     0.00398047
   0.01563     0.00374094
   0.01594     0.00350141
   0.01625     0.00326187
   0.01656     0.00307355
   0.01688     0.00288524
   0.01719     0.00269692
   0.01750     0.00250860
   0.01781     0.00235880
   0.01813     0.00220901
   0.01844     0.00205922
   0.01875     0.00190943
   0.01906     0.00178793
   0.01938     0.00166643
   0.01969     0.00154493
   0.02000     0.00142344
   0.02031     0.00132176
   0.02063     0.00122007
   0.02094     0.00111839
   0.02125     0.00101671
   0.02156     0.00092751
   0.02188     0.00083832
   0.02219     0.00074912
   0.02250     0.00065992
   0.02281     0.00057698
   0.02313     0.00049405
   0.02344     0.00041111
   0.02375     0.00032817
   0.02406     0.00024717
   0.02438     0.00016617
   0.02469     0.00008518
   0.02500     0.00000418
   0.02531     -.00007685
   0.02562     -.00015788
   0.02594     -.00023891
   0.02625     -.00031994
   0.02656     -.00040297
   0.02687     -.00048600
   0.02719     -.00056903
   0.02750     -.00065206
   0.02781     -.00074140
   0.02812     -.00083074
   0.02844     -.00092008
   0.02875     -.00100942
   0.02906     -.00111129
   0.02937     -.00121317
   0.02969     -.00131505
   0.03000     -.00141692
   0.03031     -.00153867
   0.03062     -.00166042
   0.03094     -.00178218
   0.03125     -.00190393
   0.03156     -.00205406
   0.03188     -.00220419
   0.03219     -.00235431
   0.03250     -.00250444
   0.03281     -.00269320
   0.03313     -.00288196
   0.03344     -.00307071
   0.03375     -.00325947
   0.03406     -.00349957
   0.03438     -.00373967
   0.03469     -.00397977
   0.03500     -.00421987
   0.03531     -.00452730
   0.03563     -.00483473
   0.03594     -.00514217
   0.03625     -.00544960
   0.03656     -.00584459
   0.03688     -.00623959
   0.03719     -.00663458
   0.03750     -.00702957
   0.03781     -.00753769
   0.03813     -.00804581
   0.03844     -.00855393
   0.03875     -.00906205
   0.03906     -.00971534
   0.03938     -.01036863
   0.03969     -.01102192
   0.04000     -.01167522
   0.04031     -.01251311
   0.04063     -.01335100
   0.04094     -.01418890
   0.04125     -.01502679
   0.04156     -.01609586
   0.04188     -.01716493
   0.04219     -.01823400
   0.04250     -.01930307
   0.04281     -.02065351
   0.04313     -.02200394
   0.04344     -.02335437
   0.04375     -.02470480
   0.04406     -.02637767
   0.04438     -.02805054
   0.04469     -.02972341
   0.04500     -.03139628
   0.04531     -.03338188
   0.04563     -.03536747
   0.04594     -.03735307
   0.04625     -.03933867
   0.04656     -.04148213
   0.04688     -.04362558
   0.04719     -.04576903
   0.04750     -.04791249
   0.04781     -.04983384
   0.04813     -.05175519
   0.04844     -.05367654
   0.04875     -.05559790
   0.04906     -.05673634
   0.04938     -.05787478
   0.04969     -.05901322
   0.05000     -.06015166
