   0.00000     0.02401181
   0.00016     0.02347273
   0.00031     0.02293364
   0.00047     0.02239456
   0.00063     0.02185547
   0.00078     0.02131639
   0.00094     0.02077730
   0.00109     0.02023822
   0.00125     0.01969913
   0.00141     0.01915928
   0.00156     0.01861944
   0.00172     0.01807959
   0.00188     0.01753975
   0.00203     0.01699990
   0.00219     0.01646005
   0.00234     0.01592021
   0.00250     0.01538036
   0.00266     0.01494392
   0.00281     0.01450748
   0.00297     0.01407104
   0.00313     0.01363460
   0.00328     0.01319816
   0.00344     0.01276173
   0.00359     0.01232529
   0.00375     0.01188885
   0.00391     0.01153824
   0.00406     0.01118763
   0.00422     0.01083701
   0.00438     0.01048640
   0.00453     0.01013579
   0.00469     0.00978518
   0.00484     0.00943457
   0.00500     0.00908396
   0.00516     0.00880220
   0.00531     0.00852044
   0.00547     0.00823868
   0.00563     0.00795692
   0.00578     0.00767516
   0.00594     0.00739340
   0.00609     0.00711163
   0.00625     0.00682987
   0.00641     0.00660151
   0.00656     0.00637314
   0.00672     0.00614478
   0.00688     0.00591642
   0.00703     0.00568805
   0.00719     0.00545969
   0.00734     0.00523132
   0.00750     0.00500296
   0.00766     0.00481443
   0.00781     0.00462591
   0.00797     0.00443739
   0.00813     0.00424886
   0.00828     0.00406034
   0.00844     0.00387181
   0.00859     0.00368329
   0.00875     0.00349477
   0.00891     0.00333436
   0.00906     0.00317395
   0.00922     0.00301354
   0.00938     0.00285313
   0.00953     0.00269272
   0.00969     0.00253231
   0.00984     0.00237190
   0.01000     0.00221149
   0.01016     0.00206896
   0.01031     0.00192643
   0.01047     0.00178389
   0.01063     0.00164136
   0.01078     0.00149883
   0.01094     0.00135630
   0.01109     0.00121377
   0.01125     0.00107124
   0.01141     0.00093738
   0.01156     0.00080352
   0.01172     0.00066967
   0.01188     0.00053581
   0.01203     0.00040195
   0.01219     0.00026810
   0.01234     0.00013424
   0.01250     0.00000038
   0.01266     -.00013348
   0.01281     -.00026734
   0.01297     -.00040121
   0.01313     -.00053507
   0.01328     -.00066893
   0.01344     -.00080279
   0.01359     -.00093666
   0.01375     -.00107052
   0.01391     -.00121307
   0.01406     -.00135561
   0.01422     -.00149816
   0.01438     -.00164071
   0.01453     -.00178325
   0.01469     -.00192580
   0.01484     -.00206835
   0.01500     -.00221090
   0.01516     -.00237133
   0.01531     -.00253176
   0.01547     -.00269219
   0.01563     -.00285263
   0.01578     -.00301306
   0.01594     -.00317349
   0.01609     -.00333392
   0.01625     -.00349436
   0.01641     -.00368291
   0.01656     -.00387145
   0.01672     -.00406000
   0.01688     -.00424855
   0.01703     -.00443710
   0.01719     -.00462565
   0.01734     -.00481420
   0.01750     -.00500275
   0.01766     -.00523114
   0.01781     -.00545954
   0.01797     -.00568793
   0.01813     -.00591632
   0.01828     -.00614471
   0.01844     -.00637310
   0.01859     -.00660149
   0.01875     -.00682988
   0.01891     -.00711167
   0.01906     -.00739346
   0.01922     -.00767524
   0.01938     -.00795703
   0.01953     -.00823882
   0.01969     -.00852060
   0.01984     -.00880239
   0.02000     -.00908418
   0.02016     -.00943481
   0.02031     -.00978545
   0.02047     -.01013608
   0.02063     -.01048671
   0.02078     -.01083735
   0.02094     -.01118798
   0.02109     -.01153862
   0.02125     -.01188925
   0.02141     -.01232571
   0.02156     -.01276217
   0.02172     -.01319863
   0.02188     -.01363509
   0.02203     -.01407155
   0.02219     -.01450801
   0.02234     -.01494447
   0.02250     -.01538093
   0.02266     -.01592079
   0.02281     -.01646065
   0.02297     -.01700051
   0.02313     -.01754037
   0.02328     -.01808023
   0.02344     -.01862009
   0.02359     -.01915995
   0.02375     -.01969981
   0.02391     -.02023891
   0.02406     -.02077800
   0.02422     -.02131709
   0.02438     -.02185618
   0.02453     -.02239527
   0.02469     -.02293437
   0.02484     -.02347346
   0.02500     -.02401255
