   0.00000     -.00000000
   0.00625     -.00023306
   0.01250     -.00046483
   0.01875     -.00069526
   0.02500     -.00092431
   0.03125     -.00115192
   0.03750     -.00137804
   0.04375     -.00160260
   0.05000     -.00182555
   0.05625     -.00204683
   0.06250     -.00226637
   0.06875     -.00248413
   0.07500     -.00270004
   0.08125     -.00291404
   0.08750     -.00312609
   0.09375     -.00333612
   0.10000     -.00354409
   0.10625     -.00374977
   0.11250     -.00395328
   0.11875     -.00415456
   0.12500     -.00435355
   0.13125     -.00455021
   0.13750     -.00474450
   0.14375     -.00493636
   0.15000     -.00512575
   0.15625     -.00531263
   0.16250     -.00549694
   0.16875     -.00567866
   0.17500     -.00585772
   0.18125     -.00603410
   0.18750     -.00620775
   0.19375     -.00637863
   0.20000     -.00654671
   0.20625     -.00671173
   0.21250     -.00687386
   0.21875     -.00703307
   0.22500     -.00718932
   0.23125     -.00734257
   0.23750     -.00749279
   0.24375     -.00763995
   0.25000     -.00778401
   0.25625     -.00792494
   0.26250     -.00806272
   0.26875     -.00819731
   0.27500     -.00832868
   0.28125     -.00845680
   0.28750     -.00858165
   0.29375     -.00870320
   0.30000     -.00882143
   0.30625     -.00893605
   0.31250     -.00904730
   0.31875     -.00915515
   0.32500     -.00925956
   0.33125     -.00936053
   0.33750     -.00945803
   0.34375     -.00955203
   0.35000     -.00964252
   0.35625     -.00972949
   0.36250     -.00981290
   0.36875     -.00989275
   0.37500     -.00996902
   0.38125     -.01004169
   0.38750     -.01011074
   0.39375     -.01017617
   0.40000     -.01023795
   0.40625     -.01029582
   0.41250     -.01035002
   0.41875     -.01040053
   0.42500     -.01044736
   0.43125     -.01049049
   0.43750     -.01052991
   0.44375     -.01056562
   0.45000     -.01059759
   0.45625     -.01062584
   0.46250     -.01065035
   0.46875     -.01067112
   0.47500     -.01068815
   0.48125     -.01070142
   0.48750     -.01071094
   0.49375     -.01071671
   0.50000     -.01071872
   0.50625     -.01071671
   0.51250     -.01071094
   0.51875     -.01070142
   0.52500     -.01068815
   0.53125     -.01067112
   0.53750     -.01065035
   0.54375     -.01062584
   0.55000     -.01059759
   0.55625     -.01056562
   0.56250     -.01052991
   0.56875     -.01049049
   0.57500     -.01044736
   0.58125     -.01040053
   0.58750     -.01035002
   0.59375     -.01029582
   0.60000     -.01023795
   0.60625     -.01017617
   0.61250     -.01011074
   0.61875     -.01004169
   0.62500     -.00996902
   0.63125     -.00989275
   0.63750     -.00981290
   0.64375     -.00972949
   0.65000     -.00964252
   0.65625     -.00955203
   0.66250     -.00945803
   0.66875     -.00936053
   0.67500     -.00925956
   0.68125     -.00915515
   0.68750     -.00904730
   0.69375     -.00893605
   0.70000     -.00882143
   0.70625     -.00870320
   0.71250     -.00858165
   0.71875     -.00845680
   0.72500     -.00832868
   0.73125     -.00819731
   0.73750     -.00806272
   0.74375     -.00792494
   0.75000     -.00778401
   0.75625     -.00763995
   0.76250     -.00749279
   0.76875     -.00734257
   0.77500     -.00718932
   0.78125     -.00703307
   0.78750     -.00687386
   0.79375     -.00671173
   0.80000     -.00654671
   0.80625     -.00637863
   0.81250     -.00620775
   0.81875     -.00603410
   0.82500     -.00585772
   0.83125     -.00567866
   0.83750     -.00549694
   0.84375     -.00531263
   0.85000     -.00512575
   0.85625     -.00493636
   0.86250     -.00474450
   0.86875     -.00455021
   0.87500     -.00435355
   0.88125     -.00415456
   0.88750     -.00395328
   0.89375     -.00374977
   0.90000     -.00354409
   0.90625     -.00333612
   0.91250     -.00312609
   0.91875     -.00291404
   0.92500     -.00270004
   0.93125     -.00248413
   0.93750     -.00226637
   0.94375     -.00204683
   0.95000     -.00182555
   0.95625     -.00160260
   0.96250     -.00137804
   0.96875     -.00115192
   0.97500     -.00092431
   0.98125     -.00069526
   0.98750     -.00046483
   0.99375     -.00023306
   1.00000     -.00000000
