   0.00000     0.04046866
   0.00031     0.03984129
   0.00063     0.03921392
   0.00094     0.03858654
   0.00125     0.03795917
   0.00156     0.03725652
   0.00188     0.03655387
   0.00219     0.03585122
   0.00250     0.03514857
   0.00281     0.03447931
   0.00313     0.03381004
   0.00344     0.03314078
   0.00375     0.03247151
   0.00406     0.03183373
   0.00438     0.03119595
   0.00469     0.03055817
   0.00500     0.02992038
   0.00531     0.02931217
   0.00563     0.02870395
   0.00594     0.02809573
   0.00625     0.02748751
   0.00656     0.02690693
   0.00688     0.02632635
   0.00719     0.02574577
   0.00750     0.02516519
   0.00781     0.02461032
   0.00813     0.02405544
   0.00844     0.02350057
   0.00875     0.02294569
   0.00906     0.02241459
   0.00938     0.02188348
   0.00969     0.02135238
   0.01000     0.02082128
   0.01031     0.02031202
   0.01063     0.01980276
   0.01094     0.01929350
   0.01125     0.01878424
   0.01156     0.01829490
   0.01188     0.01780557
   0.01219     0.01731624
   0.01250     0.01682690
   0.01281     0.01635559
   0.01313     0.01588428
   0.01344     0.01541297
   0.01375     0.01494166
   0.01406     0.01448648
   0.01438     0.01403131
   0.01469     0.01357613
   0.01500     0.01312096
   0.01531     0.01268005
   0.01563     0.01223914
   0.01594     0.01179824
   0.01625     0.01135733
   0.01656     0.01092885
   0.01688     0.01050036
   0.01719     0.01007188
   0.01750     0.00964340
   0.01781     0.00922551
   0.01813     0.00880763
   0.01844     0.00838974
   0.01875     0.00797186
   0.01906     0.00756277
   0.01938     0.00715368
   0.01969     0.00674459
   0.02000     0.00633550
   0.02031     0.00593342
   0.02063     0.00553134
   0.02094     0.00512926
   0.02125     0.00472718
   0.02156     0.00433034
   0.02188     0.00393350
   0.02219     0.00353666
   0.02250     0.00313982
   0.02281     0.00274647
   0.02313     0.00235312
   0.02344     0.00195977
   0.02375     0.00156641
   0.02406     0.00117480
   0.02438     0.00078319
   0.02469     0.00039158
   0.02500     -.00000003
   0.02531     -.00039165
   0.02563     -.00078326
   0.02594     -.00117488
   0.02625     -.00156649
   0.02656     -.00195985
   0.02688     -.00235321
   0.02719     -.00274657
   0.02750     -.00313992
   0.02781     -.00353677
   0.02813     -.00393362
   0.02844     -.00433047
   0.02875     -.00472732
   0.02906     -.00512941
   0.02938     -.00553150
   0.02969     -.00593360
   0.03000     -.00633569
   0.03031     -.00674479
   0.03063     -.00715390
   0.03094     -.00756301
   0.03125     -.00797211
   0.03156     -.00839002
   0.03188     -.00880792
   0.03219     -.00922582
   0.03250     -.00964373
   0.03281     -.01007223
   0.03313     -.01050074
   0.03344     -.01092924
   0.03375     -.01135775
   0.03406     -.01179868
   0.03438     -.01223961
   0.03469     -.01268054
   0.03500     -.01312147
   0.03531     -.01357667
   0.03563     -.01403187
   0.03594     -.01448707
   0.03625     -.01494227
   0.03656     -.01541360
   0.03688     -.01588494
   0.03719     -.01635627
   0.03750     -.01682761
   0.03781     -.01731697
   0.03813     -.01780633
   0.03844     -.01829569
   0.03875     -.01878505
   0.03906     -.01929433
   0.03938     -.01980361
   0.03969     -.02031290
   0.04000     -.02082218
   0.04031     -.02135331
   0.04063     -.02188444
   0.04094     -.02241557
   0.04125     -.02294669
   0.04156     -.02350159
   0.04188     -.02405649
   0.04219     -.02461139
   0.04250     -.02516629
   0.04281     -.02574689
   0.04313     -.02632749
   0.04344     -.02690809
   0.04375     -.02748869
   0.04406     -.02809693
   0.04438     -.02870516
   0.04469     -.02931340
   0.04500     -.02992163
   0.04531     -.03055943
   0.04563     -.03119723
   0.04594     -.03183503
   0.04625     -.03247283
   0.04656     -.03314210
   0.04688     -.03381138
   0.04719     -.03448066
   0.04750     -.03514993
   0.04781     -.03585259
   0.04813     -.03655525
   0.04844     -.03725791
   0.04875     -.03796056
   0.04906     -.03858794
   0.04938     -.03921532
   0.04969     -.03984270
   0.05000     -.04047007
