   0.00000     -.00004584
   0.00031     -.00005700
   0.00063     -.00006816
   0.00094     -.00007932
   0.00125     -.00009048
   0.00156     -.00011215
   0.00188     -.00013382
   0.00219     -.00015549
   0.00250     -.00017716
   0.00281     -.00019759
   0.00313     -.00021801
   0.00344     -.00023844
   0.00375     -.00025887
   0.00406     -.00027803
   0.00438     -.00029718
   0.00469     -.00031634
   0.00500     -.00033550
   0.00531     -.00035336
   0.00563     -.00037123
   0.00594     -.00038910
   0.00625     -.00040697
   0.00656     -.00042354
   0.00688     -.00044012
   0.00719     -.00045669
   0.00750     -.00047327
   0.00781     -.00048855
   0.00813     -.00050383
   0.00844     -.00051911
   0.00875     -.00053439
   0.00906     -.00054838
   0.00938     -.00056238
   0.00969     -.00057638
   0.01000     -.00059038
   0.01031     -.00060311
   0.01063     -.00061584
   0.01094     -.00062857
   0.01125     -.00064130
   0.01156     -.00065279
   0.01188     -.00066428
   0.01219     -.00067576
   0.01250     -.00068725
   0.01281     -.00069752
   0.01313     -.00070778
   0.01344     -.00071805
   0.01375     -.00072832
   0.01406     -.00073740
   0.01438     -.00074647
   0.01469     -.00075555
   0.01500     -.00076462
   0.01531     -.00077254
   0.01563     -.00078045
   0.01594     -.00078837
   0.01625     -.00079628
   0.01656     -.00080306
   0.01688     -.00080984
   0.01719     -.00081662
   0.01750     -.00082340
   0.01781     -.00082908
   0.01813     -.00083475
   0.01844     -.00084043
   0.01875     -.00084611
   0.01906     -.00085071
   0.01938     -.00085530
   0.01969     -.00085990
   0.02000     -.00086450
   0.02031     -.00086805
   0.02063     -.00087160
   0.02094     -.00087514
   0.02125     -.00087869
   0.02156     -.00088120
   0.02188     -.00088372
   0.02219     -.00088624
   0.02250     -.00088875
   0.02281     -.00089025
   0.02313     -.00089175
   0.02344     -.00089325
   0.02375     -.00089475
   0.02406     -.00089525
   0.02438     -.00089575
   0.02469     -.00089624
   0.02500     -.00089674
   0.02531     -.00089623
   0.02563     -.00089573
   0.02594     -.00089522
   0.02625     -.00089472
   0.02656     -.00089321
   0.02688     -.00089170
   0.02719     -.00089019
   0.02750     -.00088869
   0.02781     -.00088616
   0.02813     -.00088364
   0.02844     -.00088112
   0.02875     -.00087860
   0.02906     -.00087504
   0.02938     -.00087149
   0.02969     -.00086794
   0.03000     -.00086438
   0.03031     -.00085978
   0.03063     -.00085518
   0.03094     -.00085057
   0.03125     -.00084597
   0.03156     -.00084029
   0.03188     -.00083461
   0.03219     -.00082893
   0.03250     -.00082325
   0.03281     -.00081647
   0.03313     -.00080968
   0.03344     -.00080290
   0.03375     -.00079612
   0.03406     -.00078820
   0.03438     -.00078029
   0.03469     -.00077237
   0.03500     -.00076446
   0.03531     -.00075538
   0.03563     -.00074630
   0.03594     -.00073723
   0.03625     -.00072815
   0.03656     -.00071788
   0.03688     -.00070761
   0.03719     -.00069735
   0.03750     -.00068708
   0.03781     -.00067559
   0.03813     -.00066411
   0.03844     -.00065262
   0.03875     -.00064114
   0.03906     -.00062841
   0.03938     -.00061568
   0.03969     -.00060295
   0.04000     -.00059022
   0.04031     -.00057622
   0.04063     -.00056223
   0.04094     -.00054824
   0.04125     -.00053424
   0.04156     -.00051896
   0.04188     -.00050369
   0.04219     -.00048841
   0.04250     -.00047313
   0.04281     -.00045656
   0.04313     -.00043999
   0.04344     -.00042342
   0.04375     -.00040685
   0.04406     -.00038899
   0.04438     -.00037112
   0.04469     -.00035326
   0.04500     -.00033539
   0.04531     -.00031624
   0.04563     -.00029709
   0.04594     -.00027794
   0.04625     -.00025879
   0.04656     -.00023837
   0.04688     -.00021794
   0.04719     -.00019752
   0.04750     -.00017710
   0.04781     -.00015544
   0.04813     -.00013377
   0.04844     -.00011211
   0.04875     -.00009045
   0.04906     -.00007929
   0.04938     -.00006814
   0.04969     -.00005698
   0.05000     -.00004583
