   0.00000     0.00000000
   0.00625     -.01778599
   0.01250     -.03289895
   0.01875     -.04704804
   0.02500     -.06081707
   0.03125     -.07440007
   0.03750     -.08785906
   0.04375     -.10121190
   0.05000     -.11446185
   0.05625     -.12760743
   0.06250     -.14064569
   0.06875     -.15357328
   0.07500     -.16638682
   0.08125     -.17908296
   0.08750     -.19165843
   0.09375     -.20411007
   0.10000     -.21643477
   0.10625     -.22861999
   0.11250     -.24067188
   0.11875     -.25258756
   0.12500     -.26436425
   0.13125     -.27599919
   0.13750     -.28748972
   0.14375     -.29883320
   0.15000     -.31002708
   0.15625     -.32106884
   0.16250     -.33195602
   0.16875     -.34268621
   0.17500     -.35325706
   0.18125     -.36366626
   0.18750     -.37391155
   0.19375     -.38399072
   0.20000     -.39390162
   0.20625     -.40362978
   0.21250     -.41318518
   0.21875     -.42256581
   0.22500     -.43176971
   0.23125     -.44079496
   0.23750     -.44963969
   0.24375     -.45830208
   0.25000     -.46678036
   0.25625     -.47507277
   0.26250     -.48317764
   0.26875     -.49109332
   0.27500     -.49881820
   0.28125     -.50635072
   0.28750     -.51368938
   0.29375     -.52083270
   0.30000     -.52777925
   0.30625     -.53451338
   0.31250     -.54104782
   0.31875     -.54738128
   0.32500     -.55351251
   0.33125     -.55944030
   0.33750     -.56516350
   0.34375     -.57068099
   0.35000     -.57599169
   0.35625     -.58109456
   0.36250     -.58598862
   0.36875     -.59067291
   0.37500     -.59514653
   0.38125     -.59940861
   0.38750     -.60345832
   0.39375     -.60729489
   0.40000     -.61091756
   0.40625     -.61431027
   0.41250     -.61748764
   0.41875     -.62044906
   0.42500     -.62319397
   0.43125     -.62572185
   0.43750     -.62803222
   0.44375     -.63012464
   0.45000     -.63199871
   0.45625     -.63365406
   0.46250     -.63509040
   0.46875     -.63630744
   0.47500     -.63730495
   0.48125     -.63808274
   0.48750     -.63864066
   0.49375     -.63897860
   0.50000     -.63909650
   0.50625     -.63897860
   0.51250     -.63864066
   0.51875     -.63808274
   0.52500     -.63730495
   0.53125     -.63630744
   0.53750     -.63509040
   0.54375     -.63365406
   0.55000     -.63199871
   0.55625     -.63012464
   0.56250     -.62803222
   0.56875     -.62572185
   0.57500     -.62319397
   0.58125     -.62044906
   0.58750     -.61748764
   0.59375     -.61431027
   0.60000     -.61091756
   0.60625     -.60729489
   0.61250     -.60345832
   0.61875     -.59940861
   0.62500     -.59514653
   0.63125     -.59067291
   0.63750     -.58598862
   0.64375     -.58109456
   0.65000     -.57599169
   0.65625     -.57068099
   0.66250     -.56516350
   0.66875     -.55944030
   0.67500     -.55351251
   0.68125     -.54738128
   0.68750     -.54104782
   0.69375     -.53451338
   0.70000     -.52777925
   0.70625     -.52083270
   0.71250     -.51368938
   0.71875     -.50635072
   0.72500     -.49881820
   0.73125     -.49109332
   0.73750     -.48317764
   0.74375     -.47507277
   0.75000     -.46678036
   0.75625     -.45830208
   0.76250     -.44963969
   0.76875     -.44079496
   0.77500     -.43176971
   0.78125     -.42256581
   0.78750     -.41318518
   0.79375     -.40362978
   0.80000     -.39390162
   0.80625     -.38399072
   0.81250     -.37391155
   0.81875     -.36366626
   0.82500     -.35325706
   0.83125     -.34268621
   0.83750     -.33195602
   0.84375     -.32106884
   0.85000     -.31002708
   0.85625     -.29883320
   0.86250     -.28748972
   0.86875     -.27599919
   0.87500     -.26436425
   0.88125     -.25258756
   0.88750     -.24067188
   0.89375     -.22861999
   0.90000     -.21643477
   0.90625     -.20411007
   0.91250     -.19165843
   0.91875     -.17908296
   0.92500     -.16638682
   0.93125     -.15357328
   0.93750     -.14064569
   0.94375     -.12760743
   0.95000     -.11446185
   0.95625     -.10121190
   0.96250     -.08785906
   0.96875     -.07440007
   0.97500     -.06081707
   0.98125     -.04704804
   0.98750     -.03289895
   0.99375     -.01778599
   1.00000     -.00000000
