   0.00000     -.00004971
   0.00031     -.00006175
   0.00063     -.00007380
   0.00094     -.00008584
   0.00125     -.00009789
   0.00156     -.00012121
   0.00188     -.00014452
   0.00219     -.00016784
   0.00250     -.00019116
   0.00281     -.00021291
   0.00313     -.00023466
   0.00344     -.00025642
   0.00375     -.00027817
   0.00406     -.00029827
   0.00438     -.00031838
   0.00469     -.00033848
   0.00500     -.00035858
   0.00531     -.00037700
   0.00563     -.00039541
   0.00594     -.00041383
   0.00625     -.00043224
   0.00656     -.00044898
   0.00688     -.00046571
   0.00719     -.00048245
   0.00750     -.00049919
   0.00781     -.00051429
   0.00813     -.00052939
   0.00844     -.00054449
   0.00875     -.00055959
   0.00906     -.00057312
   0.00938     -.00058666
   0.00969     -.00060019
   0.01000     -.00061372
   0.01031     -.00062576
   0.01063     -.00063781
   0.01094     -.00064985
   0.01125     -.00066189
   0.01156     -.00067253
   0.01188     -.00068317
   0.01219     -.00069381
   0.01250     -.00070445
   0.01281     -.00071376
   0.01313     -.00072308
   0.01344     -.00073240
   0.01375     -.00074172
   0.01406     -.00074980
   0.01438     -.00075788
   0.01469     -.00076596
   0.01500     -.00077404
   0.01531     -.00078096
   0.01563     -.00078788
   0.01594     -.00079480
   0.01625     -.00080172
   0.01656     -.00080755
   0.01688     -.00081338
   0.01719     -.00081921
   0.01750     -.00082504
   0.01781     -.00082985
   0.01813     -.00083465
   0.01844     -.00083945
   0.01875     -.00084426
   0.01906     -.00084809
   0.01938     -.00085193
   0.01969     -.00085576
   0.02000     -.00085960
   0.02031     -.00086252
   0.02063     -.00086543
   0.02094     -.00086835
   0.02125     -.00087127
   0.02156     -.00087332
   0.02188     -.00087536
   0.02219     -.00087741
   0.02250     -.00087945
   0.02281     -.00088066
   0.02313     -.00088187
   0.02344     -.00088307
   0.02375     -.00088428
   0.02406     -.00088467
   0.02438     -.00088507
   0.02469     -.00088546
   0.02500     -.00088585
   0.02531     -.00088544
   0.02563     -.00088503
   0.02594     -.00088461
   0.02625     -.00088420
   0.02656     -.00088297
   0.02688     -.00088175
   0.02719     -.00088052
   0.02750     -.00087929
   0.02781     -.00087723
   0.02813     -.00087517
   0.02844     -.00087311
   0.02875     -.00087105
   0.02906     -.00086812
   0.02938     -.00086519
   0.02969     -.00086226
   0.03000     -.00085933
   0.03031     -.00085549
   0.03063     -.00085165
   0.03094     -.00084781
   0.03125     -.00084396
   0.03156     -.00083916
   0.03188     -.00083435
   0.03219     -.00082954
   0.03250     -.00082473
   0.03281     -.00081890
   0.03313     -.00081307
   0.03344     -.00080724
   0.03375     -.00080141
   0.03406     -.00079449
   0.03438     -.00078757
   0.03469     -.00078065
   0.03500     -.00077373
   0.03531     -.00076565
   0.03563     -.00075757
   0.03594     -.00074949
   0.03625     -.00074141
   0.03656     -.00073210
   0.03688     -.00072278
   0.03719     -.00071346
   0.03750     -.00070415
   0.03781     -.00069351
   0.03813     -.00068288
   0.03844     -.00067224
   0.03875     -.00066161
   0.03906     -.00064957
   0.03938     -.00063753
   0.03969     -.00062549
   0.04000     -.00061345
   0.04031     -.00059992
   0.04063     -.00058639
   0.04094     -.00057286
   0.04125     -.00055933
   0.04156     -.00054424
   0.04188     -.00052914
   0.04219     -.00051404
   0.04250     -.00049895
   0.04281     -.00048222
   0.04313     -.00046548
   0.04344     -.00044875
   0.04375     -.00043202
   0.04406     -.00041361
   0.04438     -.00039520
   0.04469     -.00037680
   0.04500     -.00035839
   0.04531     -.00033829
   0.04563     -.00031820
   0.04594     -.00029810
   0.04625     -.00027801
   0.04656     -.00025627
   0.04688     -.00023452
   0.04719     -.00021278
   0.04750     -.00019104
   0.04781     -.00016773
   0.04813     -.00014443
   0.04844     -.00012113
   0.04875     -.00009782
   0.04906     -.00008579
   0.04938     -.00007375
   0.04969     -.00006171
   0.05000     -.00004967
