   0.00000     -.00010773
   0.00031     -.00013374
   0.00062     -.00015975
   0.00094     -.00018576
   0.00125     -.00021177
   0.00156     -.00026180
   0.00187     -.00031183
   0.00219     -.00036186
   0.00250     -.00041189
   0.00281     -.00045780
   0.00312     -.00050372
   0.00344     -.00054963
   0.00375     -.00059554
   0.00406     -.00063701
   0.00437     -.00067847
   0.00469     -.00071994
   0.00500     -.00076141
   0.00531     -.00079838
   0.00562     -.00083536
   0.00594     -.00087233
   0.00625     -.00090931
   0.00656     -.00094197
   0.00688     -.00097463
   0.00719     -.00100729
   0.00750     -.00103995
   0.00781     -.00106861
   0.00813     -.00109727
   0.00844     -.00112593
   0.00875     -.00115459
   0.00906     -.00117961
   0.00938     -.00120464
   0.00969     -.00122967
   0.01000     -.00125469
   0.01031     -.00127646
   0.01063     -.00129823
   0.01094     -.00131999
   0.01125     -.00134176
   0.01156     -.00136061
   0.01188     -.00137947
   0.01219     -.00139832
   0.01250     -.00141717
   0.01281     -.00143342
   0.01313     -.00144967
   0.01344     -.00146591
   0.01375     -.00148216
   0.01406     -.00149606
   0.01438     -.00150997
   0.01469     -.00152387
   0.01500     -.00153777
   0.01531     -.00154956
   0.01563     -.00156134
   0.01594     -.00157313
   0.01625     -.00158491
   0.01656     -.00159476
   0.01688     -.00160461
   0.01719     -.00161446
   0.01750     -.00162431
   0.01781     -.00163239
   0.01813     -.00164046
   0.01844     -.00164854
   0.01875     -.00165661
   0.01906     -.00166304
   0.01938     -.00166947
   0.01969     -.00167589
   0.02000     -.00168232
   0.02031     -.00168721
   0.02063     -.00169209
   0.02094     -.00169698
   0.02125     -.00170186
   0.02156     -.00170529
   0.02188     -.00170871
   0.02219     -.00171214
   0.02250     -.00171556
   0.02281     -.00171759
   0.02313     -.00171961
   0.02344     -.00172164
   0.02375     -.00172367
   0.02406     -.00172434
   0.02438     -.00172500
   0.02469     -.00172567
   0.02500     -.00172633
   0.02531     -.00172565
   0.02562     -.00172497
   0.02594     -.00172429
   0.02625     -.00172361
   0.02656     -.00172157
   0.02687     -.00171953
   0.02719     -.00171748
   0.02750     -.00171544
   0.02781     -.00171200
   0.02812     -.00170856
   0.02844     -.00170512
   0.02875     -.00170168
   0.02906     -.00169677
   0.02937     -.00169187
   0.02969     -.00168697
   0.03000     -.00168207
   0.03031     -.00167562
   0.03062     -.00166917
   0.03094     -.00166273
   0.03125     -.00165628
   0.03156     -.00164818
   0.03188     -.00164009
   0.03219     -.00163199
   0.03250     -.00162389
   0.03281     -.00161401
   0.03313     -.00160414
   0.03344     -.00159426
   0.03375     -.00158438
   0.03406     -.00157257
   0.03438     -.00156075
   0.03469     -.00154894
   0.03500     -.00153712
   0.03531     -.00152318
   0.03563     -.00150925
   0.03594     -.00149531
   0.03625     -.00148137
   0.03656     -.00146508
   0.03688     -.00144879
   0.03719     -.00143250
   0.03750     -.00141621
   0.03781     -.00139731
   0.03813     -.00137840
   0.03844     -.00135950
   0.03875     -.00134060
   0.03906     -.00131878
   0.03938     -.00129695
   0.03969     -.00127513
   0.04000     -.00125331
   0.04031     -.00122822
   0.04063     -.00120313
   0.04094     -.00117805
   0.04125     -.00115296
   0.04156     -.00112424
   0.04188     -.00109553
   0.04219     -.00106681
   0.04250     -.00103809
   0.04281     -.00100539
   0.04313     -.00097268
   0.04344     -.00093997
   0.04375     -.00090727
   0.04406     -.00087028
   0.04438     -.00083328
   0.04469     -.00079629
   0.04500     -.00075930
   0.04531     -.00071787
   0.04563     -.00067643
   0.04594     -.00063500
   0.04625     -.00059357
   0.04656     -.00054775
   0.04688     -.00050194
   0.04719     -.00045613
   0.04750     -.00041031
   0.04781     -.00036045
   0.04813     -.00031060
   0.04844     -.00026074
   0.04875     -.00021088
   0.04906     -.00018498
   0.04938     -.00015907
   0.04969     -.00013317
   0.05000     -.00010727
