   0.00000     -.00000000
   0.00625     -.00302828
   0.01250     -.00593014
   0.01875     -.00874298
   0.02500     -.01150395
   0.03125     -.01423214
   0.03750     -.01695026
   0.04375     -.01966073
   0.05000     -.02236584
   0.05625     -.02506536
   0.06250     -.02776148
   0.06875     -.03045418
   0.07500     -.03314341
   0.08125     -.03582708
   0.08750     -.03850652
   0.09375     -.04118159
   0.10000     -.04385209
   0.10625     -.04651524
   0.11250     -.04917282
   0.11875     -.05182473
   0.12500     -.05447077
   0.13125     -.05710754
   0.13750     -.05973737
   0.14375     -.06236020
   0.15000     -.06497582
   0.15625     -.06758029
   0.16250     -.07017638
   0.16875     -.07276414
   0.17500     -.07534336
   0.18125     -.07790951
   0.18750     -.08046584
   0.19375     -.08301249
   0.20000     -.08554924
   0.20625     -.08807101
   0.21250     -.09058148
   0.21875     -.09308089
   0.22500     -.09556903
   0.23125     -.09804027
   0.23750     -.10049866
   0.24375     -.10294462
   0.25000     -.10537789
   0.25625     -.10779230
   0.26250     -.11019230
   0.26875     -.11257842
   0.27500     -.11495042
   0.28125     -.11730156
   0.28750     -.11963664
   0.29375     -.12195636
   0.30000     -.12426047
   0.30625     -.12654166
   0.31250     -.12880505
   0.31875     -.13105153
   0.32500     -.13328084
   0.33125     -.13548507
   0.33750     -.13766966
   0.34375     -.13983568
   0.35000     -.14198287
   0.35625     -.14410267
   0.36250     -.14620081
   0.36875     -.14827861
   0.37500     -.15033574
   0.38125     -.15236296
   0.38750     -.15436628
   0.39375     -.15634723
   0.40000     -.15830547
   0.40625     -.16023091
   0.41250     -.16212982
   0.41875     -.16400400
   0.42500     -.16585300
   0.43125     -.16766565
   0.43750     -.16944839
   0.44375     -.17120316
   0.45000     -.17292925
   0.45625     -.17461327
   0.46250     -.17626073
   0.46875     -.17787232
   0.47500     -.17944514
   0.48125     -.18095298
   0.48750     -.18238651
   0.49375     -.18372590
   0.50000     -.18487078
   0.50625     -.18372590
   0.51250     -.18238651
   0.51875     -.18095298
   0.52500     -.17944514
   0.53125     -.17787232
   0.53750     -.17626073
   0.54375     -.17461327
   0.55000     -.17292925
   0.55625     -.17120316
   0.56250     -.16944839
   0.56875     -.16766565
   0.57500     -.16585300
   0.58125     -.16400400
   0.58750     -.16212982
   0.59375     -.16023091
   0.60000     -.15830547
   0.60625     -.15634723
   0.61250     -.15436628
   0.61875     -.15236296
   0.62500     -.15033574
   0.63125     -.14827861
   0.63750     -.14620081
   0.64375     -.14410267
   0.65000     -.14198287
   0.65625     -.13983568
   0.66250     -.13766966
   0.66875     -.13548507
   0.67500     -.13328084
   0.68125     -.13105153
   0.68750     -.12880505
   0.69375     -.12654166
   0.70000     -.12426047
   0.70625     -.12195636
   0.71250     -.11963664
   0.71875     -.11730156
   0.72500     -.11495042
   0.73125     -.11257842
   0.73750     -.11019230
   0.74375     -.10779230
   0.75000     -.10537789
   0.75625     -.10294462
   0.76250     -.10049866
   0.76875     -.09804027
   0.77500     -.09556903
   0.78125     -.09308089
   0.78750     -.09058148
   0.79375     -.08807101
   0.80000     -.08554924
   0.80625     -.08301249
   0.81250     -.08046584
   0.81875     -.07790951
   0.82500     -.07534336
   0.83125     -.07276414
   0.83750     -.07017638
   0.84375     -.06758029
   0.85000     -.06497582
   0.85625     -.06236020
   0.86250     -.05973737
   0.86875     -.05710754
   0.87500     -.05447077
   0.88125     -.05182473
   0.88750     -.04917282
   0.89375     -.04651524
   0.90000     -.04385209
   0.90625     -.04118159
   0.91250     -.03850652
   0.91875     -.03582708
   0.92500     -.03314341
   0.93125     -.03045418
   0.93750     -.02776148
   0.94375     -.02506536
   0.95000     -.02236584
   0.95625     -.01966073
   0.96250     -.01695026
   0.96875     -.01423214
   0.97500     -.01150395
   0.98125     -.00874298
   0.98750     -.00593014
   0.99375     -.00302828
   1.00000     -.00000000
