   0.00000     0.04518780
   0.00031     0.04425661
   0.00063     0.04332542
   0.00094     0.04239423
   0.00125     0.04146304
   0.00156     0.04044839
   0.00188     0.03943373
   0.00219     0.03841908
   0.00250     0.03740442
   0.00281     0.03647084
   0.00313     0.03553725
   0.00344     0.03460367
   0.00375     0.03367008
   0.00406     0.03281241
   0.00438     0.03195474
   0.00469     0.03109707
   0.00500     0.03023940
   0.00531     0.02945233
   0.00563     0.02866525
   0.00594     0.02787818
   0.00625     0.02709111
   0.00656     0.02636923
   0.00688     0.02564734
   0.00719     0.02492546
   0.00750     0.02420358
   0.00781     0.02354147
   0.00813     0.02287935
   0.00844     0.02221724
   0.00875     0.02155512
   0.00906     0.02094740
   0.00938     0.02033968
   0.00969     0.01973196
   0.01000     0.01912424
   0.01031     0.01856564
   0.01063     0.01800705
   0.01094     0.01744846
   0.01125     0.01688986
   0.01156     0.01637529
   0.01188     0.01586071
   0.01219     0.01534613
   0.01250     0.01483155
   0.01281     0.01435607
   0.01313     0.01388058
   0.01344     0.01340509
   0.01375     0.01292961
   0.01406     0.01248849
   0.01438     0.01204738
   0.01469     0.01160626
   0.01500     0.01116515
   0.01531     0.01075390
   0.01563     0.01034266
   0.01594     0.00993141
   0.01625     0.00952016
   0.01656     0.00913449
   0.01688     0.00874882
   0.01719     0.00836315
   0.01750     0.00797748
   0.01781     0.00761331
   0.01813     0.00724913
   0.01844     0.00688495
   0.01875     0.00652077
   0.01906     0.00617418
   0.01938     0.00582759
   0.01969     0.00548100
   0.02000     0.00513441
   0.02031     0.00480168
   0.02063     0.00446894
   0.02094     0.00413621
   0.02125     0.00380348
   0.02156     0.00348100
   0.02188     0.00315853
   0.02219     0.00283606
   0.02250     0.00251359
   0.02281     0.00219789
   0.02313     0.00188219
   0.02344     0.00156650
   0.02375     0.00125080
   0.02406     0.00093846
   0.02438     0.00062613
   0.02469     0.00031379
   0.02500     0.00000146
   0.02531     -.00031089
   0.02563     -.00062324
   0.02594     -.00093558
   0.02625     -.00124793
   0.02656     -.00156366
   0.02688     -.00187939
   0.02719     -.00219512
   0.02750     -.00251085
   0.02781     -.00283338
   0.02813     -.00315591
   0.02844     -.00347844
   0.02875     -.00380096
   0.02906     -.00413377
   0.02938     -.00446658
   0.02969     -.00479938
   0.03000     -.00513219
   0.03031     -.00547887
   0.03063     -.00582555
   0.03094     -.00617222
   0.03125     -.00651890
   0.03156     -.00688318
   0.03188     -.00724747
   0.03219     -.00761175
   0.03250     -.00797603
   0.03281     -.00836181
   0.03313     -.00874759
   0.03344     -.00913337
   0.03375     -.00951915
   0.03406     -.00993052
   0.03438     -.01034188
   0.03469     -.01075324
   0.03500     -.01116461
   0.03531     -.01160584
   0.03563     -.01204708
   0.03594     -.01248832
   0.03625     -.01292955
   0.03656     -.01340516
   0.03688     -.01388077
   0.03719     -.01435638
   0.03750     -.01483199
   0.03781     -.01534669
   0.03813     -.01586139
   0.03844     -.01637609
   0.03875     -.01689079
   0.03906     -.01744950
   0.03938     -.01800821
   0.03969     -.01856693
   0.04000     -.01912564
   0.04031     -.01973348
   0.04063     -.02034131
   0.04094     -.02094915
   0.04125     -.02155699
   0.04156     -.02221921
   0.04188     -.02288143
   0.04219     -.02354365
   0.04250     -.02420588
   0.04281     -.02492786
   0.04313     -.02564984
   0.04344     -.02637182
   0.04375     -.02709381
   0.04406     -.02788097
   0.04438     -.02866813
   0.04469     -.02945529
   0.04500     -.03024246
   0.04531     -.03110020
   0.04563     -.03195795
   0.04594     -.03281570
   0.04625     -.03367345
   0.04656     -.03460709
   0.04688     -.03554074
   0.04719     -.03647438
   0.04750     -.03740803
   0.04781     -.03842273
   0.04813     -.03943742
   0.04844     -.04045212
   0.04875     -.04146682
   0.04906     -.04239803
   0.04938     -.04332924
   0.04969     -.04426044
   0.05000     -.04519165
