   0.00000     0.00000000
   0.00625     -.00000262
   0.01250     -.00000510
   0.01875     -.00000747
   0.02500     -.00000977
   0.03125     -.00001201
   0.03750     -.00001422
   0.04375     -.00001641
   0.05000     -.00001857
   0.05625     -.00002071
   0.06250     -.00002283
   0.06875     -.00002492
   0.07500     -.00002700
   0.08125     -.00002905
   0.08750     -.00003107
   0.09375     -.00003308
   0.10000     -.00003506
   0.10625     -.00003702
   0.11250     -.00003895
   0.11875     -.00004085
   0.12500     -.00004274
   0.13125     -.00004459
   0.13750     -.00004642
   0.14375     -.00004823
   0.15000     -.00005001
   0.15625     -.00005176
   0.16250     -.00005348
   0.16875     -.00005518
   0.17500     -.00005686
   0.18125     -.00005850
   0.18750     -.00006011
   0.19375     -.00006170
   0.20000     -.00006326
   0.20625     -.00006479
   0.21250     -.00006629
   0.21875     -.00006776
   0.22500     -.00006921
   0.23125     -.00007062
   0.23750     -.00007200
   0.24375     -.00007336
   0.25000     -.00007469
   0.25625     -.00007597
   0.26250     -.00007724
   0.26875     -.00007847
   0.27500     -.00007968
   0.28125     -.00008084
   0.28750     -.00008198
   0.29375     -.00008309
   0.30000     -.00008417
   0.30625     -.00008521
   0.31250     -.00008623
   0.31875     -.00008721
   0.32500     -.00008817
   0.33125     -.00008908
   0.33750     -.00008996
   0.34375     -.00009082
   0.35000     -.00009164
   0.35625     -.00009242
   0.36250     -.00009318
   0.36875     -.00009390
   0.37500     -.00009460
   0.38125     -.00009525
   0.38750     -.00009587
   0.39375     -.00009646
   0.40000     -.00009702
   0.40625     -.00009754
   0.41250     -.00009803
   0.41875     -.00009849
   0.42500     -.00009891
   0.43125     -.00009930
   0.43750     -.00009965
   0.44375     -.00009998
   0.45000     -.00010027
   0.45625     -.00010052
   0.46250     -.00010074
   0.46875     -.00010093
   0.47500     -.00010108
   0.48125     -.00010120
   0.48750     -.00010128
   0.49375     -.00010133
   0.50000     -.00010135
   0.50625     -.00010133
   0.51250     -.00010128
   0.51875     -.00010120
   0.52500     -.00010108
   0.53125     -.00010093
   0.53750     -.00010074
   0.54375     -.00010052
   0.55000     -.00010027
   0.55625     -.00009998
   0.56250     -.00009965
   0.56875     -.00009930
   0.57500     -.00009891
   0.58125     -.00009849
   0.58750     -.00009803
   0.59375     -.00009754
   0.60000     -.00009702
   0.60625     -.00009646
   0.61250     -.00009587
   0.61875     -.00009525
   0.62500     -.00009460
   0.63125     -.00009390
   0.63750     -.00009318
   0.64375     -.00009242
   0.65000     -.00009164
   0.65625     -.00009082
   0.66250     -.00008996
   0.66875     -.00008908
   0.67500     -.00008817
   0.68125     -.00008721
   0.68750     -.00008623
   0.69375     -.00008521
   0.70000     -.00008417
   0.70625     -.00008309
   0.71250     -.00008198
   0.71875     -.00008084
   0.72500     -.00007968
   0.73125     -.00007847
   0.73750     -.00007724
   0.74375     -.00007597
   0.75000     -.00007469
   0.75625     -.00007336
   0.76250     -.00007200
   0.76875     -.00007062
   0.77500     -.00006921
   0.78125     -.00006776
   0.78750     -.00006629
   0.79375     -.00006479
   0.80000     -.00006326
   0.80625     -.00006170
   0.81250     -.00006011
   0.81875     -.00005850
   0.82500     -.00005686
   0.83125     -.00005518
   0.83750     -.00005348
   0.84375     -.00005176
   0.85000     -.00005001
   0.85625     -.00004823
   0.86250     -.00004642
   0.86875     -.00004459
   0.87500     -.00004274
   0.88125     -.00004085
   0.88750     -.00003895
   0.89375     -.00003702
   0.90000     -.00003506
   0.90625     -.00003308
   0.91250     -.00003107
   0.91875     -.00002905
   0.92500     -.00002700
   0.93125     -.00002492
   0.93750     -.00002283
   0.94375     -.00002071
   0.95000     -.00001857
   0.95625     -.00001641
   0.96250     -.00001422
   0.96875     -.00001201
   0.97500     -.00000977
   0.98125     -.00000747
   0.98750     -.00000510
   0.99375     -.00000262
   1.00000     -.00000000
