   0.00000     0.04005806
   0.00031     0.03958543
   0.00062     0.03911279
   0.00094     0.03864016
   0.00125     0.03816752
   0.00156     0.03757985
   0.00187     0.03699217
   0.00219     0.03640449
   0.00250     0.03581682
   0.00281     0.03518652
   0.00312     0.03455622
   0.00344     0.03392592
   0.00375     0.03329562
   0.00406     0.03264138
   0.00437     0.03198714
   0.00469     0.03133289
   0.00500     0.03067865
   0.00531     0.03001901
   0.00562     0.02935937
   0.00594     0.02869973
   0.00625     0.02804009
   0.00656     0.02739063
   0.00688     0.02674118
   0.00719     0.02609172
   0.00750     0.02544226
   0.00781     0.02481434
   0.00813     0.02418643
   0.00844     0.02355851
   0.00875     0.02293059
   0.00906     0.02233138
   0.00938     0.02173216
   0.00969     0.02113294
   0.01000     0.02053372
   0.01031     0.01996685
   0.01063     0.01939998
   0.01094     0.01883311
   0.01125     0.01826623
   0.01156     0.01773272
   0.01188     0.01719922
   0.01219     0.01666571
   0.01250     0.01613220
   0.01281     0.01563122
   0.01313     0.01513024
   0.01344     0.01462926
   0.01375     0.01412828
   0.01406     0.01365777
   0.01438     0.01318727
   0.01469     0.01271676
   0.01500     0.01224625
   0.01531     0.01180337
   0.01563     0.01136049
   0.01594     0.01091761
   0.01625     0.01047473
   0.01656     0.01005617
   0.01688     0.00963760
   0.01719     0.00921903
   0.01750     0.00880047
   0.01781     0.00840264
   0.01813     0.00800481
   0.01844     0.00760698
   0.01875     0.00720915
   0.01906     0.00682837
   0.01938     0.00644760
   0.01969     0.00606683
   0.02000     0.00568606
   0.02031     0.00531867
   0.02063     0.00495129
   0.02094     0.00458391
   0.02125     0.00421652
   0.02156     0.00385896
   0.02188     0.00350139
   0.02219     0.00314382
   0.02250     0.00278626
   0.02281     0.00243509
   0.02313     0.00208392
   0.02344     0.00173276
   0.02375     0.00138159
   0.02406     0.00103356
   0.02438     0.00068554
   0.02469     0.00033751
   0.02500     -.00001052
   0.02531     -.00035857
   0.02562     -.00070662
   0.02594     -.00105467
   0.02625     -.00140272
   0.02656     -.00175395
   0.02687     -.00210518
   0.02719     -.00245642
   0.02750     -.00280765
   0.02781     -.00316532
   0.02812     -.00352300
   0.02844     -.00388067
   0.02875     -.00423834
   0.02906     -.00460587
   0.02937     -.00497339
   0.02969     -.00534092
   0.03000     -.00570844
   0.03031     -.00608938
   0.03062     -.00647031
   0.03094     -.00685125
   0.03125     -.00723219
   0.03156     -.00763019
   0.03188     -.00802820
   0.03219     -.00842621
   0.03250     -.00882421
   0.03281     -.00924294
   0.03313     -.00966168
   0.03344     -.01008041
   0.03375     -.01049914
   0.03406     -.01094215
   0.03438     -.01138515
   0.03469     -.01182816
   0.03500     -.01227116
   0.03531     -.01274170
   0.03563     -.01321225
   0.03594     -.01368279
   0.03625     -.01415334
   0.03656     -.01465420
   0.03688     -.01515506
   0.03719     -.01565593
   0.03750     -.01615679
   0.03781     -.01668993
   0.03813     -.01722308
   0.03844     -.01775622
   0.03875     -.01828936
   0.03906     -.01885549
   0.03938     -.01942161
   0.03969     -.01998773
   0.04000     -.02055385
   0.04031     -.02115176
   0.04063     -.02174966
   0.04094     -.02234757
   0.04125     -.02294548
   0.04156     -.02357131
   0.04188     -.02419715
   0.04219     -.02482298
   0.04250     -.02544882
   0.04281     -.02609523
   0.04313     -.02674164
   0.04344     -.02738805
   0.04375     -.02803447
   0.04406     -.02869002
   0.04438     -.02934557
   0.04469     -.03000112
   0.04500     -.03065667
   0.04531     -.03130597
   0.04563     -.03195527
   0.04594     -.03260456
   0.04625     -.03325386
   0.04656     -.03387891
   0.04688     -.03450395
   0.04719     -.03512900
   0.04750     -.03575405
   0.04781     -.03633703
   0.04813     -.03692000
   0.04844     -.03750298
   0.04875     -.03808596
   0.04906     -.03855563
   0.04938     -.03902529
   0.04969     -.03949496
   0.05000     -.03996463
