   0.00000     0.05052677
   0.00031     0.04976018
   0.00062     0.04899359
   0.00094     0.04822699
   0.00125     0.04746040
   0.00156     0.04628728
   0.00187     0.04511416
   0.00219     0.04394104
   0.00250     0.04276793
   0.00281     0.04142661
   0.00312     0.04008529
   0.00344     0.03874397
   0.00375     0.03740265
   0.00406     0.03605663
   0.00437     0.03471060
   0.00469     0.03336458
   0.00500     0.03201855
   0.00531     0.03077254
   0.00562     0.02952652
   0.00594     0.02828051
   0.00625     0.02703449
   0.00656     0.02593361
   0.00688     0.02483273
   0.00719     0.02373185
   0.00750     0.02263097
   0.00781     0.02168318
   0.00813     0.02073539
   0.00844     0.01978761
   0.00875     0.01883982
   0.00906     0.01803550
   0.00938     0.01723118
   0.00969     0.01642686
   0.01000     0.01562254
   0.01031     0.01494533
   0.01063     0.01426813
   0.01094     0.01359093
   0.01125     0.01291373
   0.01156     0.01234573
   0.01188     0.01177773
   0.01219     0.01120973
   0.01250     0.01064173
   0.01281     0.01016573
   0.01313     0.00968973
   0.01344     0.00921373
   0.01375     0.00873773
   0.01406     0.00833813
   0.01438     0.00793853
   0.01469     0.00753893
   0.01500     0.00713933
   0.01531     0.00680237
   0.01563     0.00646541
   0.01594     0.00612845
   0.01625     0.00579148
   0.01656     0.00550516
   0.01688     0.00521883
   0.01719     0.00493251
   0.01750     0.00464618
   0.01781     0.00440003
   0.01813     0.00415387
   0.01844     0.00390772
   0.01875     0.00366156
   0.01906     0.00344639
   0.01938     0.00323121
   0.01969     0.00301603
   0.02000     0.00280086
   0.02031     0.00260848
   0.02063     0.00241611
   0.02094     0.00222374
   0.02125     0.00203136
   0.02156     0.00185450
   0.02188     0.00167764
   0.02219     0.00150078
   0.02250     0.00132391
   0.02281     0.00115627
   0.02313     0.00098862
   0.02344     0.00082097
   0.02375     0.00065332
   0.02406     0.00048979
   0.02438     0.00032626
   0.02469     0.00016273
   0.02500     -.00000080
   0.02531     -.00016436
   0.02562     -.00032793
   0.02594     -.00049150
   0.02625     -.00065507
   0.02656     -.00082282
   0.02687     -.00099058
   0.02719     -.00115834
   0.02750     -.00132610
   0.02781     -.00150314
   0.02812     -.00168019
   0.02844     -.00185723
   0.02875     -.00203428
   0.02906     -.00222691
   0.02937     -.00241954
   0.02969     -.00261217
   0.03000     -.00280480
   0.03031     -.00302032
   0.03062     -.00323584
   0.03094     -.00345135
   0.03125     -.00366687
   0.03156     -.00391345
   0.03188     -.00416004
   0.03219     -.00440663
   0.03250     -.00465321
   0.03281     -.00494007
   0.03313     -.00522693
   0.03344     -.00551379
   0.03375     -.00580065
   0.03406     -.00613826
   0.03438     -.00647587
   0.03469     -.00681348
   0.03500     -.00715109
   0.03531     -.00755146
   0.03563     -.00795183
   0.03594     -.00835220
   0.03625     -.00875258
   0.03656     -.00922947
   0.03688     -.00970637
   0.03719     -.01018327
   0.03750     -.01066017
   0.03781     -.01122917
   0.03813     -.01179817
   0.03844     -.01236718
   0.03875     -.01293618
   0.03906     -.01361443
   0.03938     -.01429269
   0.03969     -.01497094
   0.04000     -.01564920
   0.04031     -.01645448
   0.04063     -.01725976
   0.04094     -.01806503
   0.04125     -.01887031
   0.04156     -.01981864
   0.04188     -.02076697
   0.04219     -.02171530
   0.04250     -.02266363
   0.04281     -.02376396
   0.04313     -.02486429
   0.04344     -.02596462
   0.04375     -.02706495
   0.04406     -.02830792
   0.04438     -.02955090
   0.04469     -.03079388
   0.04500     -.03203686
   0.04531     -.03337517
   0.04563     -.03471348
   0.04594     -.03605179
   0.04625     -.03739010
   0.04656     -.03871769
   0.04688     -.04004528
   0.04719     -.04137287
   0.04750     -.04270046
   0.04781     -.04385696
   0.04813     -.04501346
   0.04844     -.04616996
   0.04875     -.04732646
   0.04906     -.04808235
   0.04938     -.04883825
   0.04969     -.04959414
   0.05000     -.05035004
