   0.00000     0.00000000
   0.00625     -.00196462
   0.01250     -.00383916
   0.01875     -.00564926
   0.02500     -.00741148
   0.03125     -.00913641
   0.03750     -.01083076
   0.04375     -.01249878
   0.05000     -.01414311
   0.05625     -.01576538
   0.06250     -.01736658
   0.06875     -.01894726
   0.07500     -.02050773
   0.08125     -.02204815
   0.08750     -.02356854
   0.09375     -.02506887
   0.10000     -.02654908
   0.10625     -.02800762
   0.11250     -.02944582
   0.11875     -.03086356
   0.12500     -.03226072
   0.13125     -.03363718
   0.13750     -.03499282
   0.14375     -.03632753
   0.15000     -.03764117
   0.15625     -.03893366
   0.16250     -.04020486
   0.16875     -.04145467
   0.17500     -.04268299
   0.18125     -.04388970
   0.18750     -.04507471
   0.19375     -.04623793
   0.20000     -.04737924
   0.20625     -.04849699
   0.21250     -.04959263
   0.21875     -.05066609
   0.22500     -.05171728
   0.23125     -.05274611
   0.23750     -.05375250
   0.24375     -.05473638
   0.25000     -.05569765
   0.25625     -.05663625
   0.26250     -.05755211
   0.26875     -.05844515
   0.27500     -.05931531
   0.28125     -.06016251
   0.28750     -.06098669
   0.29375     -.06178779
   0.30000     -.06256576
   0.30625     -.06331885
   0.31250     -.06404868
   0.31875     -.06475519
   0.32500     -.06543833
   0.33125     -.06609804
   0.33750     -.06673428
   0.34375     -.06734699
   0.35000     -.06793614
   0.35625     -.06850168
   0.36250     -.06904357
   0.36875     -.06956177
   0.37500     -.07005624
   0.38125     -.07052694
   0.38750     -.07097385
   0.39375     -.07139692
   0.40000     -.07179613
   0.40625     -.07216974
   0.41250     -.07251943
   0.41875     -.07284517
   0.42500     -.07314694
   0.43125     -.07342471
   0.43750     -.07367847
   0.44375     -.07390821
   0.45000     -.07411389
   0.45625     -.07429551
   0.46250     -.07445306
   0.46875     -.07458652
   0.47500     -.07469589
   0.48125     -.07478115
   0.48750     -.07484230
   0.49375     -.07487934
   0.50000     -.07489226
   0.50625     -.07487934
   0.51250     -.07484230
   0.51875     -.07478115
   0.52500     -.07469589
   0.53125     -.07458652
   0.53750     -.07445306
   0.54375     -.07429551
   0.55000     -.07411389
   0.55625     -.07390821
   0.56250     -.07367847
   0.56875     -.07342471
   0.57500     -.07314694
   0.58125     -.07284517
   0.58750     -.07251943
   0.59375     -.07216974
   0.60000     -.07179613
   0.60625     -.07139692
   0.61250     -.07097385
   0.61875     -.07052694
   0.62500     -.07005624
   0.63125     -.06956177
   0.63750     -.06904357
   0.64375     -.06850168
   0.65000     -.06793614
   0.65625     -.06734699
   0.66250     -.06673428
   0.66875     -.06609804
   0.67500     -.06543833
   0.68125     -.06475519
   0.68750     -.06404868
   0.69375     -.06331885
   0.70000     -.06256576
   0.70625     -.06178779
   0.71250     -.06098669
   0.71875     -.06016251
   0.72500     -.05931531
   0.73125     -.05844515
   0.73750     -.05755211
   0.74375     -.05663625
   0.75000     -.05569765
   0.75625     -.05473638
   0.76250     -.05375250
   0.76875     -.05274611
   0.77500     -.05171728
   0.78125     -.05066609
   0.78750     -.04959263
   0.79375     -.04849699
   0.80000     -.04737924
   0.80625     -.04623793
   0.81250     -.04507471
   0.81875     -.04388970
   0.82500     -.04268299
   0.83125     -.04145467
   0.83750     -.04020486
   0.84375     -.03893366
   0.85000     -.03764117
   0.85625     -.03632753
   0.86250     -.03499282
   0.86875     -.03363718
   0.87500     -.03226072
   0.88125     -.03086356
   0.88750     -.02944582
   0.89375     -.02800762
   0.90000     -.02654908
   0.90625     -.02506887
   0.91250     -.02356854
   0.91875     -.02204815
   0.92500     -.02050773
   0.93125     -.01894726
   0.93750     -.01736658
   0.94375     -.01576538
   0.95000     -.01414311
   0.95625     -.01249878
   0.96250     -.01083076
   0.96875     -.00913641
   0.97500     -.00741148
   0.98125     -.00564926
   0.98750     -.00383916
   0.99375     -.00196462
   1.00000     -.00000000
