   0.00000     -.00000000
   0.00625     -.00206155
   0.01250     -.00409043
   0.01875     -.00609287
   0.02500     -.00807506
   0.03125     -.01003833
   0.03750     -.01199345
   0.04375     -.01394187
   0.05000     -.01588496
   0.05625     -.01782250
   0.06250     -.01975721
   0.06875     -.02168937
   0.07500     -.02361923
   0.08125     -.02554605
   0.08750     -.02747086
   0.09375     -.02939369
   0.10000     -.03131454
   0.10625     -.03323234
   0.11250     -.03514793
   0.11875     -.03706127
   0.12500     -.03897229
   0.13125     -.04087970
   0.13750     -.04278440
   0.14375     -.04468639
   0.15000     -.04658559
   0.15625     -.04848044
   0.16250     -.05037205
   0.16875     -.05226042
   0.17500     -.05414546
   0.18125     -.05602542
   0.18750     -.05790154
   0.19375     -.05977388
   0.20000     -.06164236
   0.20625     -.06350496
   0.21250     -.06536313
   0.21875     -.06721697
   0.22500     -.06906637
   0.23125     -.07090911
   0.23750     -.07274679
   0.24375     -.07457956
   0.25000     -.07640731
   0.25625     -.07822759
   0.26250     -.08004215
   0.26875     -.08185120
   0.27500     -.08365463
   0.28125     -.08544974
   0.28750     -.08723844
   0.29375     -.08902099
   0.30000     -.09079728
   0.30625     -.09256437
   0.31250     -.09432430
   0.31875     -.09607740
   0.32500     -.09782358
   0.33125     -.09955959
   0.33750     -.10128762
   0.34375     -.10300811
   0.35000     -.10472090
   0.35625     -.10642250
   0.36250     -.10811520
   0.36875     -.10979952
   0.37500     -.11147530
   0.38125     -.11313869
   0.38750     -.11479209
   0.39375     -.11643614
   0.40000     -.11807062
   0.40625     -.11969121
   0.41250     -.12130044
   0.41875     -.12289899
   0.42500     -.12448658
   0.43125     -.12605813
   0.43750     -.12761615
   0.44375     -.12916133
   0.45000     -.13069312
   0.45625     -.13220472
   0.46250     -.13369819
   0.46875     -.13517369
   0.47500     -.13662974
   0.48125     -.13805405
   0.48750     -.13944607
   0.49375     -.14080327
   0.50000     -.14202236
   0.50625     -.14080327
   0.51250     -.13944607
   0.51875     -.13805405
   0.52500     -.13662974
   0.53125     -.13517369
   0.53750     -.13369819
   0.54375     -.13220472
   0.55000     -.13069312
   0.55625     -.12916133
   0.56250     -.12761615
   0.56875     -.12605813
   0.57500     -.12448658
   0.58125     -.12289899
   0.58750     -.12130044
   0.59375     -.11969121
   0.60000     -.11807062
   0.60625     -.11643614
   0.61250     -.11479209
   0.61875     -.11313869
   0.62500     -.11147530
   0.63125     -.10979952
   0.63750     -.10811520
   0.64375     -.10642250
   0.65000     -.10472090
   0.65625     -.10300811
   0.66250     -.10128762
   0.66875     -.09955959
   0.67500     -.09782358
   0.68125     -.09607740
   0.68750     -.09432430
   0.69375     -.09256437
   0.70000     -.09079728
   0.70625     -.08902099
   0.71250     -.08723844
   0.71875     -.08544974
   0.72500     -.08365463
   0.73125     -.08185120
   0.73750     -.08004215
   0.74375     -.07822759
   0.75000     -.07640731
   0.75625     -.07457956
   0.76250     -.07274679
   0.76875     -.07090911
   0.77500     -.06906637
   0.78125     -.06721697
   0.78750     -.06536313
   0.79375     -.06350496
   0.80000     -.06164236
   0.80625     -.05977388
   0.81250     -.05790154
   0.81875     -.05602542
   0.82500     -.05414546
   0.83125     -.05226042
   0.83750     -.05037205
   0.84375     -.04848044
   0.85000     -.04658559
   0.85625     -.04468639
   0.86250     -.04278440
   0.86875     -.04087970
   0.87500     -.03897229
   0.88125     -.03706127
   0.88750     -.03514793
   0.89375     -.03323234
   0.90000     -.03131454
   0.90625     -.02939369
   0.91250     -.02747086
   0.91875     -.02554605
   0.92500     -.02361923
   0.93125     -.02168937
   0.93750     -.01975721
   0.94375     -.01782250
   0.95000     -.01588496
   0.95625     -.01394187
   0.96250     -.01199345
   0.96875     -.01003833
   0.97500     -.00807506
   0.98125     -.00609287
   0.98750     -.00409043
   0.99375     -.00206155
   1.00000     -.00000000
