   0.00000     0.06005858
   0.00031     0.05802917
   0.00063     0.05599976
   0.00094     0.05397034
   0.00125     0.05194093
   0.00156     0.04983657
   0.00188     0.04773222
   0.00219     0.04562787
   0.00250     0.04352351
   0.00281     0.04172420
   0.00313     0.03992490
   0.00344     0.03812559
   0.00375     0.03632628
   0.00406     0.03480093
   0.00438     0.03327558
   0.00469     0.03175024
   0.00500     0.03022489
   0.00531     0.02894062
   0.00563     0.02765635
   0.00594     0.02637208
   0.00625     0.02508781
   0.00656     0.02401204
   0.00688     0.02293626
   0.00719     0.02186048
   0.00750     0.02078470
   0.00781     0.01988673
   0.00813     0.01898875
   0.00844     0.01809077
   0.00875     0.01719279
   0.00906     0.01644477
   0.00938     0.01569675
   0.00969     0.01494873
   0.01000     0.01420070
   0.01031     0.01357805
   0.01063     0.01295540
   0.01094     0.01233274
   0.01125     0.01171009
   0.01156     0.01119148
   0.01188     0.01067288
   0.01219     0.01015428
   0.01250     0.00963568
   0.01281     0.00920287
   0.01313     0.00877006
   0.01344     0.00833725
   0.01375     0.00790444
   0.01406     0.00754187
   0.01438     0.00717931
   0.01469     0.00681674
   0.01500     0.00645418
   0.01531     0.00614866
   0.01563     0.00584314
   0.01594     0.00553763
   0.01625     0.00523211
   0.01656     0.00497244
   0.01688     0.00471276
   0.01719     0.00445308
   0.01750     0.00419341
   0.01781     0.00397002
   0.01813     0.00374663
   0.01844     0.00352324
   0.01875     0.00329985
   0.01906     0.00310457
   0.01938     0.00290928
   0.01969     0.00271400
   0.02000     0.00251872
   0.02031     0.00234450
   0.02063     0.00217028
   0.02094     0.00199606
   0.02125     0.00182184
   0.02156     0.00166255
   0.02188     0.00150325
   0.02219     0.00134396
   0.02250     0.00118467
   0.02281     0.00103488
   0.02313     0.00088510
   0.02344     0.00073532
   0.02375     0.00058553
   0.02406     0.00044034
   0.02438     0.00029515
   0.02469     0.00014997
   0.02500     0.00000478
   0.02531     -.00014047
   0.02563     -.00028572
   0.02594     -.00043097
   0.02625     -.00057621
   0.02656     -.00072616
   0.02688     -.00087611
   0.02719     -.00102605
   0.02750     -.00117600
   0.02781     -.00133554
   0.02813     -.00149508
   0.02844     -.00165462
   0.02875     -.00181416
   0.02906     -.00198868
   0.02938     -.00216320
   0.02969     -.00233772
   0.03000     -.00251224
   0.03031     -.00270785
   0.03063     -.00290345
   0.03094     -.00309905
   0.03125     -.00329466
   0.03156     -.00351837
   0.03188     -.00374209
   0.03219     -.00396580
   0.03250     -.00418952
   0.03281     -.00444951
   0.03313     -.00470950
   0.03344     -.00496949
   0.03375     -.00522947
   0.03406     -.00553528
   0.03438     -.00584109
   0.03469     -.00614690
   0.03500     -.00645271
   0.03531     -.00681554
   0.03563     -.00717838
   0.03594     -.00754122
   0.03625     -.00790405
   0.03656     -.00833712
   0.03688     -.00877019
   0.03719     -.00920325
   0.03750     -.00963632
   0.03781     -.01015516
   0.03813     -.01067400
   0.03844     -.01119284
   0.03875     -.01171169
   0.03906     -.01233457
   0.03938     -.01295746
   0.03969     -.01358035
   0.04000     -.01420323
   0.04031     -.01495149
   0.04063     -.01569974
   0.04094     -.01644799
   0.04125     -.01719624
   0.04156     -.01809445
   0.04188     -.01899265
   0.04219     -.01989086
   0.04250     -.02078907
   0.04281     -.02186507
   0.04313     -.02294108
   0.04344     -.02401709
   0.04375     -.02509309
   0.04406     -.02637759
   0.04438     -.02766209
   0.04469     -.02894658
   0.04500     -.03023108
   0.04531     -.03175664
   0.04563     -.03328220
   0.04594     -.03480777
   0.04625     -.03633333
   0.04656     -.03813283
   0.04688     -.03993232
   0.04719     -.04173182
   0.04750     -.04353132
   0.04781     -.04563581
   0.04813     -.04774031
   0.04844     -.04984481
   0.04875     -.05194930
   0.04906     -.05397878
   0.04938     -.05600826
   0.04969     -.05803774
   0.05000     -.06006723
