   0.00000     -.00006161
   0.00031     -.00007631
   0.00063     -.00009101
   0.00094     -.00010571
   0.00125     -.00012040
   0.00156     -.00014834
   0.00188     -.00017627
   0.00219     -.00020421
   0.00250     -.00023214
   0.00281     -.00025696
   0.00313     -.00028178
   0.00344     -.00030660
   0.00375     -.00033143
   0.00406     -.00035292
   0.00438     -.00037442
   0.00469     -.00039591
   0.00500     -.00041741
   0.00531     -.00043569
   0.00563     -.00045398
   0.00594     -.00047226
   0.00625     -.00049054
   0.00656     -.00050591
   0.00688     -.00052128
   0.00719     -.00053665
   0.00750     -.00055202
   0.00781     -.00056484
   0.00813     -.00057766
   0.00844     -.00059048
   0.00875     -.00060330
   0.00906     -.00061393
   0.00938     -.00062457
   0.00969     -.00063520
   0.01000     -.00064583
   0.01031     -.00065462
   0.01063     -.00066340
   0.01094     -.00067218
   0.01125     -.00068096
   0.01156     -.00068818
   0.01188     -.00069540
   0.01219     -.00070262
   0.01250     -.00070985
   0.01281     -.00071575
   0.01313     -.00072166
   0.01344     -.00072757
   0.01375     -.00073348
   0.01406     -.00073828
   0.01438     -.00074309
   0.01469     -.00074789
   0.01500     -.00075269
   0.01531     -.00075656
   0.01563     -.00076043
   0.01594     -.00076430
   0.01625     -.00076817
   0.01656     -.00077125
   0.01688     -.00077433
   0.01719     -.00077741
   0.01750     -.00078049
   0.01781     -.00078289
   0.01813     -.00078529
   0.01844     -.00078769
   0.01875     -.00079009
   0.01906     -.00079190
   0.01938     -.00079372
   0.01969     -.00079553
   0.02000     -.00079735
   0.02031     -.00079865
   0.02063     -.00079996
   0.02094     -.00080126
   0.02125     -.00080257
   0.02156     -.00080343
   0.02188     -.00080429
   0.02219     -.00080516
   0.02250     -.00080602
   0.02281     -.00080650
   0.02313     -.00080698
   0.02344     -.00080746
   0.02375     -.00080793
   0.02406     -.00080808
   0.02438     -.00080822
   0.02469     -.00080836
   0.02500     -.00080850
   0.02531     -.00080832
   0.02563     -.00080815
   0.02594     -.00080797
   0.02625     -.00080780
   0.02656     -.00080729
   0.02688     -.00080678
   0.02719     -.00080628
   0.02750     -.00080577
   0.02781     -.00080490
   0.02813     -.00080402
   0.02844     -.00080314
   0.02875     -.00080226
   0.02906     -.00080095
   0.02938     -.00079964
   0.02969     -.00079833
   0.03000     -.00079702
   0.03031     -.00079521
   0.03063     -.00079339
   0.03094     -.00079158
   0.03125     -.00078976
   0.03156     -.00078737
   0.03188     -.00078497
   0.03219     -.00078258
   0.03250     -.00078018
   0.03281     -.00077711
   0.03313     -.00077403
   0.03344     -.00077096
   0.03375     -.00076788
   0.03406     -.00076402
   0.03438     -.00076015
   0.03469     -.00075629
   0.03500     -.00075242
   0.03531     -.00074762
   0.03563     -.00074282
   0.03594     -.00073802
   0.03625     -.00073322
   0.03656     -.00072732
   0.03688     -.00072141
   0.03719     -.00071551
   0.03750     -.00070961
   0.03781     -.00070239
   0.03813     -.00069517
   0.03844     -.00068795
   0.03875     -.00068073
   0.03906     -.00067196
   0.03938     -.00066318
   0.03969     -.00065440
   0.04000     -.00064562
   0.04031     -.00063499
   0.04063     -.00062435
   0.04094     -.00061372
   0.04125     -.00060309
   0.04156     -.00059027
   0.04188     -.00057745
   0.04219     -.00056464
   0.04250     -.00055182
   0.04281     -.00053645
   0.04313     -.00052108
   0.04344     -.00050572
   0.04375     -.00049035
   0.04406     -.00047207
   0.04438     -.00045379
   0.04469     -.00043551
   0.04500     -.00041723
   0.04531     -.00039573
   0.04563     -.00037424
   0.04594     -.00035275
   0.04625     -.00033126
   0.04656     -.00030644
   0.04688     -.00028163
   0.04719     -.00025682
   0.04750     -.00023200
   0.04781     -.00020408
   0.04813     -.00017616
   0.04844     -.00014824
   0.04875     -.00012032
   0.04906     -.00010563
   0.04938     -.00009094
   0.04969     -.00007626
   0.05000     -.00006157
