   0.00000     -.00014345
   0.00031     -.00017716
   0.00062     -.00021086
   0.00094     -.00024457
   0.00125     -.00027828
   0.00156     -.00034103
   0.00187     -.00040378
   0.00219     -.00046654
   0.00250     -.00052929
   0.00281     -.00058224
   0.00312     -.00063520
   0.00344     -.00068816
   0.00375     -.00074111
   0.00406     -.00078422
   0.00437     -.00082733
   0.00469     -.00087045
   0.00500     -.00091356
   0.00531     -.00094811
   0.00562     -.00098267
   0.00594     -.00101723
   0.00625     -.00105179
   0.00656     -.00107946
   0.00688     -.00110713
   0.00719     -.00113479
   0.00750     -.00116246
   0.00781     -.00118470
   0.00813     -.00120695
   0.00844     -.00122919
   0.00875     -.00125144
   0.00906     -.00126942
   0.00938     -.00128739
   0.00969     -.00130537
   0.01000     -.00132334
   0.01031     -.00133792
   0.01063     -.00135250
   0.01094     -.00136708
   0.01125     -.00138166
   0.01156     -.00139351
   0.01188     -.00140535
   0.01219     -.00141720
   0.01250     -.00142905
   0.01281     -.00143867
   0.01313     -.00144829
   0.01344     -.00145791
   0.01375     -.00146753
   0.01406     -.00147532
   0.01438     -.00148311
   0.01469     -.00149091
   0.01500     -.00149870
   0.01531     -.00150497
   0.01563     -.00151124
   0.01594     -.00151752
   0.01625     -.00152379
   0.01656     -.00152879
   0.01688     -.00153379
   0.01719     -.00153879
   0.01750     -.00154379
   0.01781     -.00154771
   0.01813     -.00155163
   0.01844     -.00155555
   0.01875     -.00155947
   0.01906     -.00156246
   0.01938     -.00156545
   0.01969     -.00156845
   0.02000     -.00157144
   0.02031     -.00157363
   0.02063     -.00157581
   0.02094     -.00157800
   0.02125     -.00158019
   0.02156     -.00158166
   0.02188     -.00158314
   0.02219     -.00158462
   0.02250     -.00158610
   0.02281     -.00158695
   0.02313     -.00158780
   0.02344     -.00158865
   0.02375     -.00158950
   0.02406     -.00158978
   0.02438     -.00159006
   0.02469     -.00159034
   0.02500     -.00159061
   0.02531     -.00159034
   0.02562     -.00159006
   0.02594     -.00158978
   0.02625     -.00158951
   0.02656     -.00158866
   0.02687     -.00158781
   0.02719     -.00158696
   0.02750     -.00158611
   0.02781     -.00158463
   0.02812     -.00158315
   0.02844     -.00158167
   0.02875     -.00158020
   0.02906     -.00157801
   0.02937     -.00157582
   0.02969     -.00157363
   0.03000     -.00157145
   0.03031     -.00156845
   0.03062     -.00156546
   0.03094     -.00156247
   0.03125     -.00155947
   0.03156     -.00155555
   0.03188     -.00155163
   0.03219     -.00154770
   0.03250     -.00154378
   0.03281     -.00153878
   0.03313     -.00153377
   0.03344     -.00152877
   0.03375     -.00152376
   0.03406     -.00151748
   0.03438     -.00151120
   0.03469     -.00150492
   0.03500     -.00149863
   0.03531     -.00149083
   0.03563     -.00148303
   0.03594     -.00147522
   0.03625     -.00146742
   0.03656     -.00145778
   0.03688     -.00144814
   0.03719     -.00143850
   0.03750     -.00142887
   0.03781     -.00141700
   0.03813     -.00140513
   0.03844     -.00139326
   0.03875     -.00138139
   0.03906     -.00136677
   0.03938     -.00135216
   0.03969     -.00133755
   0.04000     -.00132293
   0.04031     -.00130491
   0.04063     -.00128689
   0.04094     -.00126886
   0.04125     -.00125084
   0.04156     -.00122853
   0.04188     -.00120622
   0.04219     -.00118391
   0.04250     -.00116160
   0.04281     -.00113384
   0.04313     -.00110609
   0.04344     -.00107833
   0.04375     -.00105058
   0.04406     -.00101591
   0.04438     -.00098124
   0.04469     -.00094657
   0.04500     -.00091190
   0.04531     -.00086869
   0.04563     -.00082548
   0.04594     -.00078227
   0.04625     -.00073906
   0.04656     -.00068609
   0.04688     -.00063313
   0.04719     -.00058016
   0.04750     -.00052719
   0.04781     -.00046462
   0.04813     -.00040204
   0.04844     -.00033946
   0.04875     -.00027689
   0.04906     -.00024332
   0.04938     -.00020976
   0.04969     -.00017620
   0.05000     -.00014264
