   0.00000     0.00000000
   0.00625     -.00163562
   0.01250     -.00323744
   0.01875     -.00480872
   0.02500     -.00635224
   0.03125     -.00787022
   0.03750     -.00936438
   0.04375     -.01083599
   0.05000     -.01228603
   0.05625     -.01371521
   0.06250     -.01512410
   0.06875     -.01651310
   0.07500     -.01788251
   0.08125     -.01923255
   0.08750     -.02056339
   0.09375     -.02187513
   0.10000     -.02316784
   0.10625     -.02444022
   0.11250     -.02569362
   0.11875     -.02692806
   0.12500     -.02814350
   0.13125     -.02933994
   0.13750     -.03051733
   0.14375     -.03167565
   0.15000     -.03281484
   0.15625     -.03393487
   0.16250     -.03503570
   0.16875     -.03611727
   0.17500     -.03717954
   0.18125     -.03822247
   0.18750     -.03924601
   0.19375     -.04025011
   0.20000     -.04123474
   0.20625     -.04219844
   0.21250     -.04314256
   0.21875     -.04406707
   0.22500     -.04497193
   0.23125     -.04585708
   0.23750     -.04672250
   0.24375     -.04756814
   0.25000     -.04839398
   0.25625     -.04919996
   0.26250     -.04998607
   0.26875     -.05075225
   0.27500     -.05149849
   0.28125     -.05222475
   0.28750     -.05293100
   0.29375     -.05361720
   0.30000     -.05428333
   0.30625     -.05492793
   0.31250     -.05555240
   0.31875     -.05615671
   0.32500     -.05674084
   0.33125     -.05730476
   0.33750     -.05784846
   0.34375     -.05837191
   0.35000     -.05887508
   0.35625     -.05935797
   0.36250     -.05982054
   0.36875     -.06026278
   0.37500     -.06068468
   0.38125     -.06108621
   0.38750     -.06146735
   0.39375     -.06182810
   0.40000     -.06216844
   0.40625     -.06248690
   0.41250     -.06278492
   0.41875     -.06306248
   0.42500     -.06331958
   0.43125     -.06355621
   0.43750     -.06377236
   0.44375     -.06396802
   0.45000     -.06414318
   0.45625     -.06429784
   0.46250     -.06443198
   0.46875     -.06454561
   0.47500     -.06463872
   0.48125     -.06471131
   0.48750     -.06476337
   0.49375     -.06479490
   0.50000     -.06480589
   0.50625     -.06479490
   0.51250     -.06476337
   0.51875     -.06471131
   0.52500     -.06463872
   0.53125     -.06454561
   0.53750     -.06443198
   0.54375     -.06429784
   0.55000     -.06414318
   0.55625     -.06396802
   0.56250     -.06377236
   0.56875     -.06355621
   0.57500     -.06331958
   0.58125     -.06306248
   0.58750     -.06278492
   0.59375     -.06248690
   0.60000     -.06216844
   0.60625     -.06182810
   0.61250     -.06146735
   0.61875     -.06108621
   0.62500     -.06068468
   0.63125     -.06026278
   0.63750     -.05982054
   0.64375     -.05935797
   0.65000     -.05887508
   0.65625     -.05837191
   0.66250     -.05784846
   0.66875     -.05730476
   0.67500     -.05674084
   0.68125     -.05615671
   0.68750     -.05555240
   0.69375     -.05492793
   0.70000     -.05428333
   0.70625     -.05361720
   0.71250     -.05293100
   0.71875     -.05222475
   0.72500     -.05149849
   0.73125     -.05075225
   0.73750     -.04998607
   0.74375     -.04919996
   0.75000     -.04839398
   0.75625     -.04756814
   0.76250     -.04672250
   0.76875     -.04585708
   0.77500     -.04497193
   0.78125     -.04406707
   0.78750     -.04314256
   0.79375     -.04219844
   0.80000     -.04123474
   0.80625     -.04025011
   0.81250     -.03924601
   0.81875     -.03822247
   0.82500     -.03717954
   0.83125     -.03611727
   0.83750     -.03503570
   0.84375     -.03393487
   0.85000     -.03281484
   0.85625     -.03167565
   0.86250     -.03051733
   0.86875     -.02933994
   0.87500     -.02814350
   0.88125     -.02692806
   0.88750     -.02569362
   0.89375     -.02444022
   0.90000     -.02316784
   0.90625     -.02187513
   0.91250     -.02056339
   0.91875     -.01923255
   0.92500     -.01788251
   0.93125     -.01651310
   0.93750     -.01512410
   0.94375     -.01371521
   0.95000     -.01228603
   0.95625     -.01083599
   0.96250     -.00936438
   0.96875     -.00787022
   0.97500     -.00635224
   0.98125     -.00480872
   0.98750     -.00323744
   0.99375     -.00163562
   1.00000     -.00000000
