   0.00000     0.08996633
   0.00031     0.08489777
   0.00063     0.07982922
   0.00094     0.07476067
   0.00125     0.06969211
   0.00156     0.06493969
   0.00188     0.06018726
   0.00219     0.05543483
   0.00250     0.05068240
   0.00281     0.04713605
   0.00313     0.04358970
   0.00344     0.04004334
   0.00375     0.03649699
   0.00406     0.03390730
   0.00438     0.03131761
   0.00469     0.02872792
   0.00500     0.02613823
   0.00531     0.02427174
   0.00563     0.02240526
   0.00594     0.02053877
   0.00625     0.01867228
   0.00656     0.01733641
   0.00688     0.01600054
   0.00719     0.01466468
   0.00750     0.01332881
   0.00781     0.01237608
   0.00813     0.01142336
   0.00844     0.01047063
   0.00875     0.00951791
   0.00906     0.00883967
   0.00938     0.00816144
   0.00969     0.00748320
   0.01000     0.00680497
   0.01031     0.00632262
   0.01063     0.00584027
   0.01094     0.00535793
   0.01125     0.00487558
   0.01156     0.00453272
   0.01188     0.00418986
   0.01219     0.00384701
   0.01250     0.00350415
   0.01281     0.00326044
   0.01313     0.00301674
   0.01344     0.00277303
   0.01375     0.00252933
   0.01406     0.00235595
   0.01438     0.00218257
   0.01469     0.00200918
   0.01500     0.00183580
   0.01531     0.00171210
   0.01563     0.00158840
   0.01594     0.00146469
   0.01625     0.00134099
   0.01656     0.00125212
   0.01688     0.00116325
   0.01719     0.00107438
   0.01750     0.00098552
   0.01781     0.00092071
   0.01813     0.00085591
   0.01844     0.00079111
   0.01875     0.00072630
   0.01906     0.00067764
   0.01938     0.00062898
   0.01969     0.00058032
   0.02000     0.00053166
   0.02031     0.00049322
   0.02063     0.00045477
   0.02094     0.00041632
   0.02125     0.00037788
   0.02156     0.00034521
   0.02188     0.00031254
   0.02219     0.00027987
   0.02250     0.00024720
   0.02281     0.00021719
   0.02313     0.00018717
   0.02344     0.00015715
   0.02375     0.00012713
   0.02406     0.00009785
   0.02438     0.00006858
   0.02469     0.00003930
   0.02500     0.00001003
   0.02531     -.00001953
   0.02563     -.00004909
   0.02594     -.00007865
   0.02625     -.00010821
   0.02656     -.00013897
   0.02688     -.00016973
   0.02719     -.00020049
   0.02750     -.00023125
   0.02781     -.00026486
   0.02813     -.00029847
   0.02844     -.00033208
   0.02875     -.00036568
   0.02906     -.00040504
   0.02938     -.00044439
   0.02969     -.00048374
   0.03000     -.00052309
   0.03031     -.00057250
   0.03063     -.00062191
   0.03094     -.00067132
   0.03125     -.00072073
   0.03156     -.00078612
   0.03188     -.00085150
   0.03219     -.00091688
   0.03250     -.00098226
   0.03281     -.00107156
   0.03313     -.00116087
   0.03344     -.00125017
   0.03375     -.00133947
   0.03406     -.00146350
   0.03438     -.00158753
   0.03469     -.00171156
   0.03500     -.00183559
   0.03531     -.00200923
   0.03563     -.00218286
   0.03594     -.00235650
   0.03625     -.00253014
   0.03656     -.00277405
   0.03688     -.00301796
   0.03719     -.00326188
   0.03750     -.00350579
   0.03781     -.00384884
   0.03813     -.00419188
   0.03844     -.00453493
   0.03875     -.00487797
   0.03906     -.00536051
   0.03938     -.00584304
   0.03969     -.00632558
   0.04000     -.00680812
   0.04031     -.00748656
   0.04063     -.00816501
   0.04094     -.00884346
   0.04125     -.00952191
   0.04156     -.01047489
   0.04188     -.01142787
   0.04219     -.01238086
   0.04250     -.01333384
   0.04281     -.01467004
   0.04313     -.01600624
   0.04344     -.01734243
   0.04375     -.01867863
   0.04406     -.02054554
   0.04438     -.02241246
   0.04469     -.02427937
   0.04500     -.02614628
   0.04531     -.02873650
   0.04563     -.03132671
   0.04594     -.03391692
   0.04625     -.03650714
   0.04656     -.04005407
   0.04688     -.04360101
   0.04719     -.04714795
   0.04750     -.05069488
   0.04781     -.05544783
   0.04813     -.06020077
   0.04844     -.06495372
   0.04875     -.06970666
   0.04906     -.07477547
   0.04938     -.07984428
   0.04969     -.08491309
   0.05000     -.08998189
