   0.00000     -.00000000
   0.00625     -.00169519
   0.01250     -.00338294
   0.01875     -.00506399
   0.02500     -.00673909
   0.03125     -.00840733
   0.03750     -.01007199
   0.04375     -.01173345
   0.05000     -.01339208
   0.05625     -.01504728
   0.06250     -.01670052
   0.06875     -.01835195
   0.07500     -.02000170
   0.08125     -.02164924
   0.08750     -.02329539
   0.09375     -.02494020
   0.10000     -.02658371
   0.10625     -.02822536
   0.11250     -.02986572
   0.11875     -.03150482
   0.12500     -.03314265
   0.13125     -.03477857
   0.13750     -.03641311
   0.14375     -.03804626
   0.15000     -.03967802
   0.15625     -.04130764
   0.16250     -.04293567
   0.16875     -.04456212
   0.17500     -.04618697
   0.18125     -.04780937
   0.18750     -.04942993
   0.19375     -.05104868
   0.20000     -.05266557
   0.20625     -.05427967
   0.21250     -.05589165
   0.21875     -.05750155
   0.22500     -.05910935
   0.23125     -.06071396
   0.23750     -.06231616
   0.24375     -.06391602
   0.25000     -.06551348
   0.25625     -.06710737
   0.26250     -.06869853
   0.26875     -.07028704
   0.27500     -.07187287
   0.28125     -.07345472
   0.28750     -.07503349
   0.29375     -.07660931
   0.30000     -.07818213
   0.30625     -.07975052
   0.31250     -.08131546
   0.31875     -.08287712
   0.32500     -.08443543
   0.33125     -.08598884
   0.33750     -.08753838
   0.34375     -.08908425
   0.35000     -.09062639
   0.35625     -.09216308
   0.36250     -.09369541
   0.36875     -.09522363
   0.37500     -.09674766
   0.38125     -.09826557
   0.38750     -.09977851
   0.39375     -.10128679
   0.40000     -.10279027
   0.40625     -.10428675
   0.41250     -.10577745
   0.41875     -.10726269
   0.42500     -.10874231
   0.43125     -.11021363
   0.43750     -.11167794
   0.44375     -.11313557
   0.45000     -.11458626
   0.45625     -.11602655
   0.46250     -.11745771
   0.46875     -.11888001
   0.47500     -.12029290
   0.48125     -.12169114
   0.48750     -.12307570
   0.49375     -.12444670
   0.50000     -.12569892
   0.50625     -.12444670
   0.51250     -.12307570
   0.51875     -.12169114
   0.52500     -.12029290
   0.53125     -.11888001
   0.53750     -.11745771
   0.54375     -.11602655
   0.55000     -.11458626
   0.55625     -.11313557
   0.56250     -.11167794
   0.56875     -.11021363
   0.57500     -.10874231
   0.58125     -.10726269
   0.58750     -.10577745
   0.59375     -.10428675
   0.60000     -.10279027
   0.60625     -.10128679
   0.61250     -.09977851
   0.61875     -.09826557
   0.62500     -.09674766
   0.63125     -.09522363
   0.63750     -.09369541
   0.64375     -.09216308
   0.65000     -.09062639
   0.65625     -.08908425
   0.66250     -.08753838
   0.66875     -.08598884
   0.67500     -.08443543
   0.68125     -.08287712
   0.68750     -.08131546
   0.69375     -.07975052
   0.70000     -.07818213
   0.70625     -.07660931
   0.71250     -.07503349
   0.71875     -.07345472
   0.72500     -.07187287
   0.73125     -.07028704
   0.73750     -.06869853
   0.74375     -.06710737
   0.75000     -.06551348
   0.75625     -.06391602
   0.76250     -.06231616
   0.76875     -.06071396
   0.77500     -.05910935
   0.78125     -.05750155
   0.78750     -.05589165
   0.79375     -.05427967
   0.80000     -.05266557
   0.80625     -.05104868
   0.81250     -.04942993
   0.81875     -.04780937
   0.82500     -.04618697
   0.83125     -.04456212
   0.83750     -.04293567
   0.84375     -.04130764
   0.85000     -.03967802
   0.85625     -.03804626
   0.86250     -.03641311
   0.86875     -.03477857
   0.87500     -.03314265
   0.88125     -.03150482
   0.88750     -.02986572
   0.89375     -.02822536
   0.90000     -.02658371
   0.90625     -.02494020
   0.91250     -.02329539
   0.91875     -.02164924
   0.92500     -.02000170
   0.93125     -.01835195
   0.93750     -.01670052
   0.94375     -.01504728
   0.95000     -.01339208
   0.95625     -.01173345
   0.96250     -.01007199
   0.96875     -.00840733
   0.97500     -.00673909
   0.98125     -.00506399
   0.98750     -.00338294
   0.99375     -.00169519
   1.00000     -.00000000
