   0.00000     -.00021220
   0.00031     -.00025886
   0.00062     -.00030553
   0.00094     -.00035219
   0.00125     -.00039885
   0.00156     -.00047939
   0.00187     -.00055993
   0.00219     -.00064046
   0.00250     -.00072100
   0.00281     -.00077759
   0.00312     -.00083419
   0.00344     -.00089078
   0.00375     -.00094737
   0.00406     -.00098540
   0.00437     -.00102342
   0.00469     -.00106145
   0.00500     -.00109948
   0.00531     -.00112541
   0.00562     -.00115134
   0.00594     -.00117727
   0.00625     -.00120320
   0.00656     -.00122127
   0.00688     -.00123933
   0.00719     -.00125740
   0.00750     -.00127547
   0.00781     -.00128820
   0.00813     -.00130092
   0.00844     -.00131365
   0.00875     -.00132637
   0.00906     -.00133538
   0.00938     -.00134439
   0.00969     -.00135340
   0.01000     -.00136241
   0.01031     -.00136881
   0.01063     -.00137520
   0.01094     -.00138160
   0.01125     -.00138799
   0.01156     -.00139253
   0.01188     -.00139707
   0.01219     -.00140162
   0.01250     -.00140616
   0.01281     -.00140938
   0.01313     -.00141261
   0.01344     -.00141583
   0.01375     -.00141906
   0.01406     -.00142135
   0.01438     -.00142363
   0.01469     -.00142592
   0.01500     -.00142821
   0.01531     -.00142982
   0.01563     -.00143144
   0.01594     -.00143305
   0.01625     -.00143467
   0.01656     -.00143581
   0.01688     -.00143694
   0.01719     -.00143808
   0.01750     -.00143921
   0.01781     -.00144000
   0.01813     -.00144078
   0.01844     -.00144157
   0.01875     -.00144235
   0.01906     -.00144288
   0.01938     -.00144341
   0.01969     -.00144394
   0.02000     -.00144447
   0.02031     -.00144480
   0.02063     -.00144514
   0.02094     -.00144547
   0.02125     -.00144581
   0.02156     -.00144599
   0.02188     -.00144617
   0.02219     -.00144636
   0.02250     -.00144654
   0.02281     -.00144662
   0.02313     -.00144670
   0.02344     -.00144677
   0.02375     -.00144685
   0.02406     -.00144687
   0.02438     -.00144689
   0.02469     -.00144691
   0.02500     -.00144693
   0.02531     -.00144692
   0.02562     -.00144690
   0.02594     -.00144689
   0.02625     -.00144688
   0.02656     -.00144681
   0.02687     -.00144673
   0.02719     -.00144666
   0.02750     -.00144659
   0.02781     -.00144642
   0.02812     -.00144624
   0.02844     -.00144606
   0.02875     -.00144588
   0.02906     -.00144555
   0.02937     -.00144523
   0.02969     -.00144490
   0.03000     -.00144457
   0.03031     -.00144405
   0.03062     -.00144352
   0.03094     -.00144300
   0.03125     -.00144248
   0.03156     -.00144170
   0.03188     -.00144092
   0.03219     -.00144014
   0.03250     -.00143936
   0.03281     -.00143823
   0.03313     -.00143710
   0.03344     -.00143597
   0.03375     -.00143484
   0.03406     -.00143322
   0.03438     -.00143161
   0.03469     -.00143000
   0.03500     -.00142839
   0.03531     -.00142610
   0.03563     -.00142381
   0.03594     -.00142153
   0.03625     -.00141924
   0.03656     -.00141602
   0.03688     -.00141279
   0.03719     -.00140957
   0.03750     -.00140634
   0.03781     -.00140179
   0.03813     -.00139725
   0.03844     -.00139270
   0.03875     -.00138816
   0.03906     -.00138175
   0.03938     -.00137535
   0.03969     -.00136894
   0.04000     -.00136254
   0.04031     -.00135351
   0.04063     -.00134449
   0.04094     -.00133546
   0.04125     -.00132643
   0.04156     -.00131368
   0.04188     -.00130092
   0.04219     -.00128817
   0.04250     -.00127542
   0.04281     -.00125730
   0.04313     -.00123919
   0.04344     -.00122107
   0.04375     -.00120296
   0.04406     -.00117695
   0.04438     -.00115094
   0.04469     -.00112492
   0.04500     -.00109891
   0.04531     -.00106073
   0.04563     -.00102255
   0.04594     -.00098437
   0.04625     -.00094619
   0.04656     -.00088940
   0.04688     -.00083261
   0.04719     -.00077581
   0.04750     -.00071902
   0.04781     -.00063851
   0.04813     -.00055800
   0.04844     -.00047748
   0.04875     -.00039697
   0.04906     -.00035044
   0.04938     -.00030390
   0.04969     -.00025737
   0.05000     -.00021084
