   0.00000     0.07385310
   0.00031     0.07195853
   0.00062     0.07006396
   0.00094     0.06816939
   0.00125     0.06627483
   0.00156     0.06295132
   0.00187     0.05962780
   0.00219     0.05630429
   0.00250     0.05298078
   0.00281     0.04962420
   0.00312     0.04626763
   0.00344     0.04291106
   0.00375     0.03955448
   0.00406     0.03684108
   0.00437     0.03412768
   0.00469     0.03141428
   0.00500     0.02870088
   0.00531     0.02668068
   0.00562     0.02466048
   0.00594     0.02264028
   0.00625     0.02062008
   0.00656     0.01915337
   0.00688     0.01768667
   0.00719     0.01621997
   0.00750     0.01475326
   0.00781     0.01370023
   0.00813     0.01264720
   0.00844     0.01159417
   0.00875     0.01054114
   0.00906     0.00978916
   0.00938     0.00903718
   0.00969     0.00828520
   0.01000     0.00753322
   0.01031     0.00699755
   0.01063     0.00646188
   0.01094     0.00592621
   0.01125     0.00539054
   0.01156     0.00500947
   0.01188     0.00462839
   0.01219     0.00424731
   0.01250     0.00386624
   0.01281     0.00359528
   0.01313     0.00332432
   0.01344     0.00305336
   0.01375     0.00278240
   0.01406     0.00258969
   0.01438     0.00239698
   0.01469     0.00220427
   0.01500     0.00201157
   0.01531     0.00187429
   0.01563     0.00173701
   0.01594     0.00159973
   0.01625     0.00146245
   0.01656     0.00136422
   0.01688     0.00126600
   0.01719     0.00116777
   0.01750     0.00106955
   0.01781     0.00099855
   0.01813     0.00092754
   0.01844     0.00085654
   0.01875     0.00078554
   0.01906     0.00073308
   0.01938     0.00068061
   0.01969     0.00062815
   0.02000     0.00057569
   0.02031     0.00053520
   0.02063     0.00049470
   0.02094     0.00045421
   0.02125     0.00041372
   0.02156     0.00037975
   0.02188     0.00034577
   0.02219     0.00031180
   0.02250     0.00027783
   0.02281     0.00024526
   0.02313     0.00021270
   0.02344     0.00018014
   0.02375     0.00014757
   0.02406     0.00011269
   0.02438     0.00007781
   0.02469     0.00004293
   0.02500     0.00000805
   0.02531     -.00002687
   0.02562     -.00006179
   0.02594     -.00009671
   0.02625     -.00013162
   0.02656     -.00016427
   0.02687     -.00019692
   0.02719     -.00022957
   0.02750     -.00026222
   0.02781     -.00029629
   0.02812     -.00033036
   0.02844     -.00036443
   0.02875     -.00039850
   0.02906     -.00043910
   0.02937     -.00047970
   0.02969     -.00052030
   0.03000     -.00056090
   0.03031     -.00061350
   0.03062     -.00066610
   0.03094     -.00071870
   0.03125     -.00077130
   0.03156     -.00084249
   0.03188     -.00091368
   0.03219     -.00098486
   0.03250     -.00105605
   0.03281     -.00115453
   0.03313     -.00125301
   0.03344     -.00135149
   0.03375     -.00144998
   0.03406     -.00158761
   0.03438     -.00172525
   0.03469     -.00186289
   0.03500     -.00200053
   0.03531     -.00219374
   0.03563     -.00238695
   0.03594     -.00258016
   0.03625     -.00277337
   0.03656     -.00304504
   0.03688     -.00331670
   0.03719     -.00358836
   0.03750     -.00386003
   0.03781     -.00424209
   0.03813     -.00462415
   0.03844     -.00500622
   0.03875     -.00538828
   0.03906     -.00592533
   0.03938     -.00646237
   0.03969     -.00699941
   0.04000     -.00753646
   0.04031     -.00829033
   0.04063     -.00904421
   0.04094     -.00979808
   0.04125     -.01055196
   0.04156     -.01160756
   0.04188     -.01266316
   0.04219     -.01371876
   0.04250     -.01477437
   0.04281     -.01624433
   0.04313     -.01771429
   0.04344     -.01918425
   0.04375     -.02065421
   0.04406     -.02267805
   0.04438     -.02470189
   0.04469     -.02672574
   0.04500     -.02874958
   0.04531     -.03146509
   0.04563     -.03418059
   0.04594     -.03689610
   0.04625     -.03961160
   0.04656     -.04295602
   0.04688     -.04630045
   0.04719     -.04964487
   0.04750     -.05298929
   0.04781     -.05626879
   0.04813     -.05954828
   0.04844     -.06282777
   0.04875     -.06610727
   0.04906     -.06796025
   0.04938     -.06981323
   0.04969     -.07166621
   0.05000     -.07351919
