   0.00000     -.00008866
   0.00031     -.00010896
   0.00063     -.00012927
   0.00094     -.00014957
   0.00125     -.00016987
   0.00156     -.00020656
   0.00188     -.00024325
   0.00219     -.00027994
   0.00250     -.00031663
   0.00281     -.00034536
   0.00313     -.00037408
   0.00344     -.00040280
   0.00375     -.00043152
   0.00406     -.00045283
   0.00438     -.00047414
   0.00469     -.00049546
   0.00500     -.00051677
   0.00531     -.00053220
   0.00563     -.00054763
   0.00594     -.00056306
   0.00625     -.00057849
   0.00656     -.00058956
   0.00688     -.00060062
   0.00719     -.00061169
   0.00750     -.00062276
   0.00781     -.00063066
   0.00813     -.00063856
   0.00844     -.00064646
   0.00875     -.00065437
   0.00906     -.00066000
   0.00938     -.00066563
   0.00969     -.00067126
   0.01000     -.00067689
   0.01031     -.00068090
   0.01063     -.00068491
   0.01094     -.00068892
   0.01125     -.00069293
   0.01156     -.00069578
   0.01188     -.00069863
   0.01219     -.00070148
   0.01250     -.00070433
   0.01281     -.00070635
   0.01313     -.00070837
   0.01344     -.00071040
   0.01375     -.00071242
   0.01406     -.00071385
   0.01438     -.00071528
   0.01469     -.00071671
   0.01500     -.00071815
   0.01531     -.00071916
   0.01563     -.00072016
   0.01594     -.00072117
   0.01625     -.00072218
   0.01656     -.00072288
   0.01688     -.00072359
   0.01719     -.00072429
   0.01750     -.00072499
   0.01781     -.00072547
   0.01813     -.00072595
   0.01844     -.00072643
   0.01875     -.00072691
   0.01906     -.00072722
   0.01938     -.00072753
   0.01969     -.00072784
   0.02000     -.00072815
   0.02031     -.00072834
   0.02063     -.00072852
   0.02094     -.00072870
   0.02125     -.00072888
   0.02156     -.00072896
   0.02188     -.00072903
   0.02219     -.00072911
   0.02250     -.00072919
   0.02281     -.00072919
   0.02313     -.00072919
   0.02344     -.00072919
   0.02375     -.00072919
   0.02406     -.00072916
   0.02438     -.00072913
   0.02469     -.00072910
   0.02500     -.00072907
   0.02531     -.00072905
   0.02563     -.00072902
   0.02594     -.00072900
   0.02625     -.00072898
   0.02656     -.00072895
   0.02688     -.00072892
   0.02719     -.00072889
   0.02750     -.00072886
   0.02781     -.00072878
   0.02813     -.00072870
   0.02844     -.00072862
   0.02875     -.00072854
   0.02906     -.00072836
   0.02938     -.00072819
   0.02969     -.00072801
   0.03000     -.00072784
   0.03031     -.00072753
   0.03063     -.00072723
   0.03094     -.00072693
   0.03125     -.00072662
   0.03156     -.00072615
   0.03188     -.00072568
   0.03219     -.00072520
   0.03250     -.00072473
   0.03281     -.00072403
   0.03313     -.00072334
   0.03344     -.00072264
   0.03375     -.00072194
   0.03406     -.00072094
   0.03438     -.00071994
   0.03469     -.00071893
   0.03500     -.00071793
   0.03531     -.00071650
   0.03563     -.00071507
   0.03594     -.00071364
   0.03625     -.00071221
   0.03656     -.00071019
   0.03688     -.00070817
   0.03719     -.00070615
   0.03750     -.00070413
   0.03781     -.00070129
   0.03813     -.00069844
   0.03844     -.00069559
   0.03875     -.00069274
   0.03906     -.00068874
   0.03938     -.00068473
   0.03969     -.00068072
   0.04000     -.00067672
   0.04031     -.00067109
   0.04063     -.00066546
   0.04094     -.00065983
   0.04125     -.00065420
   0.04156     -.00064629
   0.04188     -.00063839
   0.04219     -.00063049
   0.04250     -.00062259
   0.04281     -.00061152
   0.04313     -.00060046
   0.04344     -.00058939
   0.04375     -.00057832
   0.04406     -.00056289
   0.04438     -.00054746
   0.04469     -.00053203
   0.04500     -.00051660
   0.04531     -.00049528
   0.04563     -.00047397
   0.04594     -.00045266
   0.04625     -.00043135
   0.04656     -.00040263
   0.04688     -.00037391
   0.04719     -.00034519
   0.04750     -.00031647
   0.04781     -.00027979
   0.04813     -.00024311
   0.04844     -.00020644
   0.04875     -.00016976
   0.04906     -.00014947
   0.04938     -.00012917
   0.04969     -.00010888
   0.05000     -.00008859
