   0.00000     0.00000000
   0.00625     -.00003394
   0.01250     -.00006718
   0.01875     -.00009938
   0.02500     -.00013136
   0.03125     -.00016325
   0.03750     -.00019502
   0.04375     -.00022670
   0.05000     -.00025831
   0.05625     -.00028974
   0.06250     -.00032107
   0.06875     -.00035227
   0.07500     -.00038326
   0.08125     -.00041415
   0.08750     -.00044480
   0.09375     -.00047525
   0.10000     -.00050558
   0.10625     -.00053555
   0.11250     -.00056537
   0.11875     -.00059496
   0.12500     -.00062422
   0.13125     -.00065330
   0.13750     -.00068204
   0.14375     -.00071049
   0.15000     -.00073875
   0.15625     -.00076652
   0.16250     -.00079408
   0.16875     -.00082133
   0.17500     -.00084814
   0.18125     -.00087473
   0.18750     -.00090087
   0.19375     -.00092664
   0.20000     -.00095218
   0.20625     -.00097710
   0.21250     -.00100177
   0.21875     -.00102605
   0.22500     -.00104981
   0.23125     -.00107329
   0.23750     -.00109624
   0.24375     -.00111876
   0.25000     -.00114100
   0.25625     -.00116252
   0.26250     -.00118375
   0.26875     -.00120453
   0.27500     -.00122471
   0.28125     -.00124459
   0.28750     -.00126385
   0.29375     -.00128263
   0.30000     -.00130110
   0.30625     -.00131876
   0.31250     -.00133610
   0.31875     -.00135295
   0.32500     -.00136913
   0.33125     -.00138497
   0.33750     -.00140014
   0.34375     -.00141480
   0.35000     -.00142911
   0.35625     -.00144255
   0.36250     -.00145564
   0.36875     -.00146820
   0.37500     -.00148005
   0.38125     -.00149155
   0.38750     -.00150232
   0.39375     -.00151255
   0.40000     -.00152241
   0.40625     -.00153136
   0.41250     -.00153994
   0.41875     -.00154797
   0.42500     -.00155525
   0.43125     -.00156216
   0.43750     -.00156833
   0.44375     -.00157392
   0.45000     -.00157915
   0.45625     -.00158342
   0.46250     -.00158732
   0.46875     -.00159065
   0.47500     -.00159323
   0.48125     -.00159542
   0.48750     -.00159685
   0.49375     -.00159770
   0.50000     -.00159818
   0.50625     -.00159770
   0.51250     -.00159685
   0.51875     -.00159542
   0.52500     -.00159323
   0.53125     -.00159065
   0.53750     -.00158732
   0.54375     -.00158342
   0.55000     -.00157915
   0.55625     -.00157392
   0.56250     -.00156833
   0.56875     -.00156216
   0.57500     -.00155525
   0.58125     -.00154797
   0.58750     -.00153994
   0.59375     -.00153136
   0.60000     -.00152241
   0.60625     -.00151255
   0.61250     -.00150232
   0.61875     -.00149155
   0.62500     -.00148005
   0.63125     -.00146820
   0.63750     -.00145564
   0.64375     -.00144255
   0.65000     -.00142911
   0.65625     -.00141480
   0.66250     -.00140014
   0.66875     -.00138497
   0.67500     -.00136913
   0.68125     -.00135295
   0.68750     -.00133610
   0.69375     -.00131876
   0.70000     -.00130110
   0.70625     -.00128263
   0.71250     -.00126385
   0.71875     -.00124459
   0.72500     -.00122471
   0.73125     -.00120453
   0.73750     -.00118375
   0.74375     -.00116252
   0.75000     -.00114100
   0.75625     -.00111876
   0.76250     -.00109624
   0.76875     -.00107329
   0.77500     -.00104981
   0.78125     -.00102605
   0.78750     -.00100177
   0.79375     -.00097710
   0.80000     -.00095218
   0.80625     -.00092664
   0.81250     -.00090087
   0.81875     -.00087473
   0.82500     -.00084814
   0.83125     -.00082133
   0.83750     -.00079408
   0.84375     -.00076652
   0.85000     -.00073875
   0.85625     -.00071049
   0.86250     -.00068204
   0.86875     -.00065330
   0.87500     -.00062422
   0.88125     -.00059496
   0.88750     -.00056537
   0.89375     -.00053555
   0.90000     -.00050558
   0.90625     -.00047525
   0.91250     -.00044480
   0.91875     -.00041415
   0.92500     -.00038326
   0.93125     -.00035227
   0.93750     -.00032107
   0.94375     -.00028974
   0.95000     -.00025831
   0.95625     -.00022670
   0.96250     -.00019502
   0.96875     -.00016325
   0.97500     -.00013136
   0.98125     -.00009938
   0.98750     -.00006718
   0.99375     -.00003394
   1.00000     -.00000000
