   0.00000     0.03721570    
   0.00050     0.03658337    
   0.00100     0.03595104    
   0.00150     0.03519152    
   0.00200     0.03443199    
   0.00250     0.03367382    
   0.00300     0.03291564    
   0.00350     0.03215875    
   0.00400     0.03140186    
   0.00450     0.03064620    
   0.00500     0.02989054    
   0.00550     0.02913605    
   0.00600     0.02838156    
   0.00650     0.02762818    
   0.00700     0.02687480    
   0.00750     0.02612247    
   0.00800     0.02537015    
   0.00850     0.02461882    
   0.00900     0.02386749    
   0.00950     0.02311709    
   0.01000     0.02236670    
   0.01050     0.02161718    
   0.01100     0.02086767    
   0.01150     0.02011897    
   0.01200     0.01937027    
   0.01250     0.01862234    
   0.01300     0.01787440    
   0.01350     0.01712717    
   0.01400     0.01637993    
   0.01450     0.01563334    
   0.01500     0.01488675    
   0.01550     0.01414074    
   0.01600     0.01339474    
   0.01650     0.01264926    
   0.01700     0.01190378    
   0.01750     0.01115877    
   0.01800     0.01041376    
   0.01850     0.00966916    
   0.01900     0.00892456    
   0.01950     0.00818031    
   0.02000     0.00743606    
   0.02050     0.00669210    
   0.02100     0.00594815    
   0.02150     0.00520442    
   0.02200     0.00446070    
   0.02250     0.00371715    
   0.02300     0.00297360    
   0.02350     0.00223017    
   0.02400     0.00148674    
   0.02450     0.00074337    
   0.02500     -.00000000    
   0.02550     -.00074337    
   0.02600     -.00148674    
   0.02650     -.00223017    
   0.02700     -.00297360    
   0.02750     -.00371715    
   0.02800     -.00446070    
   0.02850     -.00520442    
   0.02900     -.00594815    
   0.02950     -.00669210    
   0.03000     -.00743606    
   0.03050     -.00818031    
   0.03100     -.00892456    
   0.03150     -.00966916    
   0.03200     -.01041376    
   0.03250     -.01115877    
   0.03300     -.01190378    
   0.03350     -.01264926    
   0.03400     -.01339474    
   0.03450     -.01414074    
   0.03500     -.01488675    
   0.03550     -.01563334    
   0.03600     -.01637993    
   0.03650     -.01712717    
   0.03700     -.01787440    
   0.03750     -.01862234    
   0.03800     -.01937027    
   0.03850     -.02011897    
   0.03900     -.02086767    
   0.03950     -.02161718    
   0.04000     -.02236670    
   0.04050     -.02311709    
   0.04100     -.02386749    
   0.04150     -.02461882    
   0.04200     -.02537015    
   0.04250     -.02612247    
   0.04300     -.02687480    
   0.04350     -.02762818    
   0.04400     -.02838156    
   0.04450     -.02913605    
   0.04500     -.02989054    
   0.04550     -.03064620    
   0.04600     -.03140186    
   0.04650     -.03215875    
   0.04700     -.03291564    
   0.04750     -.03367382    
   0.04800     -.03443199    
   0.04850     -.03519152    
   0.04900     -.03595104    
   0.04950     -.03658337    
   0.05000     -.03721570    
