   0.00000     0.03721554    
   0.00050     0.03658321    
   0.00100     0.03595088    
   0.00150     0.03519136    
   0.00200     0.03443184    
   0.00250     0.03367367    
   0.00300     0.03291549    
   0.00350     0.03215861    
   0.00400     0.03140172    
   0.00450     0.03064606    
   0.00500     0.02989041    
   0.00550     0.02913592    
   0.00600     0.02838143    
   0.00650     0.02762806    
   0.00700     0.02687468    
   0.00750     0.02612236    
   0.00800     0.02537004    
   0.00850     0.02461871    
   0.00900     0.02386738    
   0.00950     0.02311699    
   0.01000     0.02236660    
   0.01050     0.02161709    
   0.01100     0.02086757    
   0.01150     0.02011888    
   0.01200     0.01937019    
   0.01250     0.01862225    
   0.01300     0.01787432    
   0.01350     0.01712709    
   0.01400     0.01637986    
   0.01450     0.01563327    
   0.01500     0.01488668    
   0.01550     0.01414068    
   0.01600     0.01339468    
   0.01650     0.01264921    
   0.01700     0.01190373    
   0.01750     0.01115872    
   0.01800     0.01041372    
   0.01850     0.00966912    
   0.01900     0.00892452    
   0.01950     0.00818027    
   0.02000     0.00743603    
   0.02050     0.00669207    
   0.02100     0.00594812    
   0.02150     0.00520440    
   0.02200     0.00446068    
   0.02250     0.00371714    
   0.02300     0.00297359    
   0.02350     0.00223016    
   0.02400     0.00148674    
   0.02450     0.00074337    
   0.02500     -.00000000    
   0.02550     -.00074337    
   0.02600     -.00148674    
   0.02650     -.00223016    
   0.02700     -.00297359    
   0.02750     -.00371714    
   0.02800     -.00446068    
   0.02850     -.00520440    
   0.02900     -.00594812    
   0.02950     -.00669207    
   0.03000     -.00743603    
   0.03050     -.00818027    
   0.03100     -.00892452    
   0.03150     -.00966912    
   0.03200     -.01041372    
   0.03250     -.01115872    
   0.03300     -.01190373    
   0.03350     -.01264921    
   0.03400     -.01339468    
   0.03450     -.01414068    
   0.03500     -.01488668    
   0.03550     -.01563327    
   0.03600     -.01637986    
   0.03650     -.01712709    
   0.03700     -.01787432    
   0.03750     -.01862225    
   0.03800     -.01937019    
   0.03850     -.02011888    
   0.03900     -.02086757    
   0.03950     -.02161709    
   0.04000     -.02236660    
   0.04050     -.02311699    
   0.04100     -.02386738    
   0.04150     -.02461871    
   0.04200     -.02537004    
   0.04250     -.02612236    
   0.04300     -.02687468    
   0.04350     -.02762806    
   0.04400     -.02838143    
   0.04450     -.02913592    
   0.04500     -.02989041    
   0.04550     -.03064606    
   0.04600     -.03140172    
   0.04650     -.03215861    
   0.04700     -.03291549    
   0.04750     -.03367367    
   0.04800     -.03443184    
   0.04850     -.03519136    
   0.04900     -.03595088    
   0.04950     -.03658321    
   0.05000     -.03721554    
