   0.00000     0.00000000
   0.00625     -.00003451
   0.01250     -.00006802
   0.01875     -.00010005
   0.02500     -.00013200
   0.03125     -.00016389
   0.03750     -.00019565
   0.04375     -.00022732
   0.05000     -.00025893
   0.05625     -.00029036
   0.06250     -.00032169
   0.06875     -.00035289
   0.07500     -.00038389
   0.08125     -.00041477
   0.08750     -.00044542
   0.09375     -.00047588
   0.10000     -.00050621
   0.10625     -.00053618
   0.11250     -.00056600
   0.11875     -.00059559
   0.12500     -.00062485
   0.13125     -.00065394
   0.13750     -.00068267
   0.14375     -.00071113
   0.15000     -.00073939
   0.15625     -.00076716
   0.16250     -.00079473
   0.16875     -.00082198
   0.17500     -.00084879
   0.18125     -.00087538
   0.18750     -.00090151
   0.19375     -.00092729
   0.20000     -.00095283
   0.20625     -.00097775
   0.21250     -.00100242
   0.21875     -.00102670
   0.22500     -.00105046
   0.23125     -.00107395
   0.23750     -.00109689
   0.24375     -.00111941
   0.25000     -.00114166
   0.25625     -.00116318
   0.26250     -.00118441
   0.26875     -.00120519
   0.27500     -.00122537
   0.28125     -.00124525
   0.28750     -.00126451
   0.29375     -.00128329
   0.30000     -.00130176
   0.30625     -.00131943
   0.31250     -.00133677
   0.31875     -.00135361
   0.32500     -.00136979
   0.33125     -.00138564
   0.33750     -.00140081
   0.34375     -.00141547
   0.35000     -.00142978
   0.35625     -.00144322
   0.36250     -.00145631
   0.36875     -.00146888
   0.37500     -.00148073
   0.38125     -.00149222
   0.38750     -.00150299
   0.39375     -.00151322
   0.40000     -.00152309
   0.40625     -.00153204
   0.41250     -.00154062
   0.41875     -.00154865
   0.42500     -.00155593
   0.43125     -.00156284
   0.43750     -.00156900
   0.44375     -.00157460
   0.45000     -.00157982
   0.45625     -.00158410
   0.46250     -.00158800
   0.46875     -.00159133
   0.47500     -.00159390
   0.48125     -.00159609
   0.48750     -.00159752
   0.49375     -.00159838
   0.50000     -.00159886
   0.50625     -.00159838
   0.51250     -.00159752
   0.51875     -.00159609
   0.52500     -.00159390
   0.53125     -.00159133
   0.53750     -.00158800
   0.54375     -.00158410
   0.55000     -.00157982
   0.55625     -.00157460
   0.56250     -.00156900
   0.56875     -.00156284
   0.57500     -.00155593
   0.58125     -.00154865
   0.58750     -.00154062
   0.59375     -.00153204
   0.60000     -.00152309
   0.60625     -.00151322
   0.61250     -.00150299
   0.61875     -.00149222
   0.62500     -.00148073
   0.63125     -.00146888
   0.63750     -.00145631
   0.64375     -.00144322
   0.65000     -.00142978
   0.65625     -.00141547
   0.66250     -.00140081
   0.66875     -.00138564
   0.67500     -.00136979
   0.68125     -.00135361
   0.68750     -.00133677
   0.69375     -.00131943
   0.70000     -.00130176
   0.70625     -.00128329
   0.71250     -.00126451
   0.71875     -.00124525
   0.72500     -.00122537
   0.73125     -.00120519
   0.73750     -.00118441
   0.74375     -.00116318
   0.75000     -.00114166
   0.75625     -.00111941
   0.76250     -.00109689
   0.76875     -.00107395
   0.77500     -.00105046
   0.78125     -.00102670
   0.78750     -.00100242
   0.79375     -.00097775
   0.80000     -.00095283
   0.80625     -.00092729
   0.81250     -.00090151
   0.81875     -.00087538
   0.82500     -.00084879
   0.83125     -.00082198
   0.83750     -.00079473
   0.84375     -.00076716
   0.85000     -.00073939
   0.85625     -.00071113
   0.86250     -.00068267
   0.86875     -.00065394
   0.87500     -.00062485
   0.88125     -.00059559
   0.88750     -.00056600
   0.89375     -.00053618
   0.90000     -.00050621
   0.90625     -.00047588
   0.91250     -.00044542
   0.91875     -.00041477
   0.92500     -.00038389
   0.93125     -.00035289
   0.93750     -.00032169
   0.94375     -.00029036
   0.95000     -.00025893
   0.95625     -.00022732
   0.96250     -.00019565
   0.96875     -.00016389
   0.97500     -.00013200
   0.98125     -.00010005
   0.98750     -.00006802
   0.99375     -.00003451
   1.00000     -.00000000
