   0.00000     0.03721569    
   0.00050     0.03658335    
   0.00100     0.03595102    
   0.00150     0.03519150    
   0.00200     0.03443198    
   0.00250     0.03367380    
   0.00300     0.03291563    
   0.00350     0.03215874    
   0.00400     0.03140185    
   0.00450     0.03064618    
   0.00500     0.02989052    
   0.00550     0.02913603    
   0.00600     0.02838154    
   0.00650     0.02762817    
   0.00700     0.02687479    
   0.00750     0.02612246    
   0.00800     0.02537014    
   0.00850     0.02461881    
   0.00900     0.02386748    
   0.00950     0.02311708    
   0.01000     0.02236669    
   0.01050     0.02161717    
   0.01100     0.02086766    
   0.01150     0.02011896    
   0.01200     0.01937026    
   0.01250     0.01862233    
   0.01300     0.01787439    
   0.01350     0.01712716    
   0.01400     0.01637992    
   0.01450     0.01563333    
   0.01500     0.01488674    
   0.01550     0.01414074    
   0.01600     0.01339473    
   0.01650     0.01264926    
   0.01700     0.01190378    
   0.01750     0.01115877    
   0.01800     0.01041376    
   0.01850     0.00966916    
   0.01900     0.00892456    
   0.01950     0.00818031    
   0.02000     0.00743606    
   0.02050     0.00669210    
   0.02100     0.00594814    
   0.02150     0.00520442    
   0.02200     0.00446070    
   0.02250     0.00371715    
   0.02300     0.00297360    
   0.02350     0.00223017    
   0.02400     0.00148674    
   0.02450     0.00074337    
   0.02500     -.00000000    
   0.02550     -.00074337    
   0.02600     -.00148674    
   0.02650     -.00223017    
   0.02700     -.00297360    
   0.02750     -.00371715    
   0.02800     -.00446070    
   0.02850     -.00520442    
   0.02900     -.00594814    
   0.02950     -.00669210    
   0.03000     -.00743606    
   0.03050     -.00818031    
   0.03100     -.00892456    
   0.03150     -.00966916    
   0.03200     -.01041376    
   0.03250     -.01115877    
   0.03300     -.01190378    
   0.03350     -.01264926    
   0.03400     -.01339473    
   0.03450     -.01414074    
   0.03500     -.01488674    
   0.03550     -.01563333    
   0.03600     -.01637992    
   0.03650     -.01712716    
   0.03700     -.01787439    
   0.03750     -.01862233    
   0.03800     -.01937026    
   0.03850     -.02011896    
   0.03900     -.02086766    
   0.03950     -.02161717    
   0.04000     -.02236669    
   0.04050     -.02311708    
   0.04100     -.02386748    
   0.04150     -.02461881    
   0.04200     -.02537014    
   0.04250     -.02612246    
   0.04300     -.02687479    
   0.04350     -.02762817    
   0.04400     -.02838154    
   0.04450     -.02913603    
   0.04500     -.02989052    
   0.04550     -.03064618    
   0.04600     -.03140185    
   0.04650     -.03215874    
   0.04700     -.03291563    
   0.04750     -.03367380    
   0.04800     -.03443198    
   0.04850     -.03519150    
   0.04900     -.03595102    
   0.04950     -.03658335    
   0.05000     -.03721569    
