   0.00000     0.00000000
   0.00625     -.00003443
   0.01250     -.00006791
   0.01875     -.00009997
   0.02500     -.00013192
   0.03125     -.00016381
   0.03750     -.00019557
   0.04375     -.00022724
   0.05000     -.00025885
   0.05625     -.00029028
   0.06250     -.00032161
   0.06875     -.00035281
   0.07500     -.00038381
   0.08125     -.00041469
   0.08750     -.00044534
   0.09375     -.00047580
   0.10000     -.00050613
   0.10625     -.00053610
   0.11250     -.00056592
   0.11875     -.00059551
   0.12500     -.00062477
   0.13125     -.00065385
   0.13750     -.00068259
   0.14375     -.00071104
   0.15000     -.00073931
   0.15625     -.00076708
   0.16250     -.00079464
   0.16875     -.00082189
   0.17500     -.00084871
   0.18125     -.00087530
   0.18750     -.00090143
   0.19375     -.00092721
   0.20000     -.00095275
   0.20625     -.00097767
   0.21250     -.00100234
   0.21875     -.00102662
   0.22500     -.00105038
   0.23125     -.00107386
   0.23750     -.00109681
   0.24375     -.00111933
   0.25000     -.00114157
   0.25625     -.00116310
   0.26250     -.00118432
   0.26875     -.00120511
   0.27500     -.00122529
   0.28125     -.00124517
   0.28750     -.00126442
   0.29375     -.00128321
   0.30000     -.00130168
   0.30625     -.00131934
   0.31250     -.00133668
   0.31875     -.00135353
   0.32500     -.00136971
   0.33125     -.00138555
   0.33750     -.00140072
   0.34375     -.00141538
   0.35000     -.00142969
   0.35625     -.00144314
   0.36250     -.00145623
   0.36875     -.00146879
   0.37500     -.00148064
   0.38125     -.00149213
   0.38750     -.00150291
   0.39375     -.00151314
   0.40000     -.00152300
   0.40625     -.00153195
   0.41250     -.00154053
   0.41875     -.00154856
   0.42500     -.00155584
   0.43125     -.00156275
   0.43750     -.00156891
   0.44375     -.00157451
   0.45000     -.00157974
   0.45625     -.00158401
   0.46250     -.00158791
   0.46875     -.00159125
   0.47500     -.00159382
   0.48125     -.00159601
   0.48750     -.00159744
   0.49375     -.00159829
   0.50000     -.00159877
   0.50625     -.00159829
   0.51250     -.00159744
   0.51875     -.00159601
   0.52500     -.00159382
   0.53125     -.00159125
   0.53750     -.00158791
   0.54375     -.00158401
   0.55000     -.00157974
   0.55625     -.00157451
   0.56250     -.00156891
   0.56875     -.00156275
   0.57500     -.00155584
   0.58125     -.00154856
   0.58750     -.00154053
   0.59375     -.00153195
   0.60000     -.00152300
   0.60625     -.00151314
   0.61250     -.00150291
   0.61875     -.00149213
   0.62500     -.00148064
   0.63125     -.00146879
   0.63750     -.00145623
   0.64375     -.00144314
   0.65000     -.00142969
   0.65625     -.00141538
   0.66250     -.00140072
   0.66875     -.00138555
   0.67500     -.00136971
   0.68125     -.00135353
   0.68750     -.00133668
   0.69375     -.00131934
   0.70000     -.00130168
   0.70625     -.00128321
   0.71250     -.00126442
   0.71875     -.00124517
   0.72500     -.00122529
   0.73125     -.00120511
   0.73750     -.00118432
   0.74375     -.00116310
   0.75000     -.00114157
   0.75625     -.00111933
   0.76250     -.00109681
   0.76875     -.00107386
   0.77500     -.00105038
   0.78125     -.00102662
   0.78750     -.00100234
   0.79375     -.00097767
   0.80000     -.00095275
   0.80625     -.00092721
   0.81250     -.00090143
   0.81875     -.00087530
   0.82500     -.00084871
   0.83125     -.00082189
   0.83750     -.00079464
   0.84375     -.00076708
   0.85000     -.00073931
   0.85625     -.00071104
   0.86250     -.00068259
   0.86875     -.00065385
   0.87500     -.00062477
   0.88125     -.00059551
   0.88750     -.00056592
   0.89375     -.00053610
   0.90000     -.00050613
   0.90625     -.00047580
   0.91250     -.00044534
   0.91875     -.00041469
   0.92500     -.00038381
   0.93125     -.00035281
   0.93750     -.00032161
   0.94375     -.00029028
   0.95000     -.00025885
   0.95625     -.00022724
   0.96250     -.00019557
   0.96875     -.00016381
   0.97500     -.00013192
   0.98125     -.00009997
   0.98750     -.00006791
   0.99375     -.00003443
   1.00000     -.00000000
