   0.00000     0.03721405    
   0.00050     0.03658175    
   0.00100     0.03594944    
   0.00150     0.03518995    
   0.00200     0.03443046    
   0.00250     0.03367232    
   0.00300     0.03291418    
   0.00350     0.03215732    
   0.00400     0.03140046    
   0.00450     0.03064484    
   0.00500     0.02988921    
   0.00550     0.02913475    
   0.00600     0.02838030    
   0.00650     0.02762695    
   0.00700     0.02687360    
   0.00750     0.02612131    
   0.00800     0.02536902    
   0.00850     0.02461772    
   0.00900     0.02386643    
   0.00950     0.02311607    
   0.01000     0.02236571    
   0.01050     0.02161622    
   0.01100     0.02086674    
   0.01150     0.02011807    
   0.01200     0.01936941    
   0.01250     0.01862151    
   0.01300     0.01787360    
   0.01350     0.01712640    
   0.01400     0.01637920    
   0.01450     0.01563265    
   0.01500     0.01488609    
   0.01550     0.01414012    
   0.01600     0.01339414    
   0.01650     0.01264870    
   0.01700     0.01190325    
   0.01750     0.01115828    
   0.01800     0.01041330    
   0.01850     0.00966873    
   0.01900     0.00892416    
   0.01950     0.00817995    
   0.02000     0.00743573    
   0.02050     0.00669181    
   0.02100     0.00594788    
   0.02150     0.00520419    
   0.02200     0.00446050    
   0.02250     0.00371699    
   0.02300     0.00297347    
   0.02350     0.00223008    
   0.02400     0.00148668    
   0.02450     0.00074334    
   0.02500     -.00000000    
   0.02550     -.00074334    
   0.02600     -.00148668    
   0.02650     -.00223008    
   0.02700     -.00297347    
   0.02750     -.00371699    
   0.02800     -.00446050    
   0.02850     -.00520419    
   0.02900     -.00594788    
   0.02950     -.00669181    
   0.03000     -.00743573    
   0.03050     -.00817995    
   0.03100     -.00892416    
   0.03150     -.00966873    
   0.03200     -.01041330    
   0.03250     -.01115828    
   0.03300     -.01190325    
   0.03350     -.01264870    
   0.03400     -.01339414    
   0.03450     -.01414012    
   0.03500     -.01488609    
   0.03550     -.01563265    
   0.03600     -.01637920    
   0.03650     -.01712640    
   0.03700     -.01787360    
   0.03750     -.01862151    
   0.03800     -.01936941    
   0.03850     -.02011807    
   0.03900     -.02086674    
   0.03950     -.02161622    
   0.04000     -.02236571    
   0.04050     -.02311607    
   0.04100     -.02386643    
   0.04150     -.02461772    
   0.04200     -.02536902    
   0.04250     -.02612131    
   0.04300     -.02687360    
   0.04350     -.02762695    
   0.04400     -.02838030    
   0.04450     -.02913475    
   0.04500     -.02988921    
   0.04550     -.03064484    
   0.04600     -.03140046    
   0.04650     -.03215732    
   0.04700     -.03291418    
   0.04750     -.03367232    
   0.04800     -.03443046    
   0.04850     -.03518995    
   0.04900     -.03594944    
   0.04950     -.03658175    
   0.05000     -.03721405    
