   0.00000     0.00000000
   0.00625     -.00003450
   0.01250     -.00006801
   0.01875     -.00010004
   0.02500     -.00013199
   0.03125     -.00016388
   0.03750     -.00019564
   0.04375     -.00022732
   0.05000     -.00025893
   0.05625     -.00029035
   0.06250     -.00032168
   0.06875     -.00035289
   0.07500     -.00038388
   0.08125     -.00041476
   0.08750     -.00044542
   0.09375     -.00047587
   0.10000     -.00050620
   0.10625     -.00053617
   0.11250     -.00056599
   0.11875     -.00059558
   0.12500     -.00062484
   0.13125     -.00065393
   0.13750     -.00068266
   0.14375     -.00071112
   0.15000     -.00073938
   0.15625     -.00076715
   0.16250     -.00079472
   0.16875     -.00082197
   0.17500     -.00084878
   0.18125     -.00087537
   0.18750     -.00090150
   0.19375     -.00092728
   0.20000     -.00095282
   0.20625     -.00097774
   0.21250     -.00100241
   0.21875     -.00102670
   0.22500     -.00105045
   0.23125     -.00107394
   0.23750     -.00109688
   0.24375     -.00111941
   0.25000     -.00114165
   0.25625     -.00116317
   0.26250     -.00118440
   0.26875     -.00120519
   0.27500     -.00122537
   0.28125     -.00124524
   0.28750     -.00126450
   0.29375     -.00128328
   0.30000     -.00130175
   0.30625     -.00131942
   0.31250     -.00133676
   0.31875     -.00135360
   0.32500     -.00136979
   0.33125     -.00138563
   0.33750     -.00140080
   0.34375     -.00141546
   0.35000     -.00142977
   0.35625     -.00144321
   0.36250     -.00145630
   0.36875     -.00146887
   0.37500     -.00148072
   0.38125     -.00149221
   0.38750     -.00150299
   0.39375     -.00151321
   0.40000     -.00152308
   0.40625     -.00153203
   0.41250     -.00154061
   0.41875     -.00154864
   0.42500     -.00155592
   0.43125     -.00156283
   0.43750     -.00156899
   0.44375     -.00157459
   0.45000     -.00157981
   0.45625     -.00158409
   0.46250     -.00158799
   0.46875     -.00159132
   0.47500     -.00159389
   0.48125     -.00159609
   0.48750     -.00159751
   0.49375     -.00159837
   0.50000     -.00159885
   0.50625     -.00159837
   0.51250     -.00159751
   0.51875     -.00159609
   0.52500     -.00159389
   0.53125     -.00159132
   0.53750     -.00158799
   0.54375     -.00158409
   0.55000     -.00157981
   0.55625     -.00157459
   0.56250     -.00156899
   0.56875     -.00156283
   0.57500     -.00155592
   0.58125     -.00154864
   0.58750     -.00154061
   0.59375     -.00153203
   0.60000     -.00152308
   0.60625     -.00151321
   0.61250     -.00150299
   0.61875     -.00149221
   0.62500     -.00148072
   0.63125     -.00146887
   0.63750     -.00145630
   0.64375     -.00144321
   0.65000     -.00142977
   0.65625     -.00141546
   0.66250     -.00140080
   0.66875     -.00138563
   0.67500     -.00136979
   0.68125     -.00135360
   0.68750     -.00133676
   0.69375     -.00131942
   0.70000     -.00130175
   0.70625     -.00128328
   0.71250     -.00126450
   0.71875     -.00124524
   0.72500     -.00122537
   0.73125     -.00120519
   0.73750     -.00118440
   0.74375     -.00116317
   0.75000     -.00114165
   0.75625     -.00111941
   0.76250     -.00109688
   0.76875     -.00107394
   0.77500     -.00105045
   0.78125     -.00102670
   0.78750     -.00100241
   0.79375     -.00097774
   0.80000     -.00095282
   0.80625     -.00092728
   0.81250     -.00090150
   0.81875     -.00087537
   0.82500     -.00084878
   0.83125     -.00082197
   0.83750     -.00079472
   0.84375     -.00076715
   0.85000     -.00073938
   0.85625     -.00071112
   0.86250     -.00068266
   0.86875     -.00065393
   0.87500     -.00062484
   0.88125     -.00059558
   0.88750     -.00056599
   0.89375     -.00053617
   0.90000     -.00050620
   0.90625     -.00047587
   0.91250     -.00044542
   0.91875     -.00041476
   0.92500     -.00038388
   0.93125     -.00035289
   0.93750     -.00032168
   0.94375     -.00029035
   0.95000     -.00025893
   0.95625     -.00022732
   0.96250     -.00019564
   0.96875     -.00016388
   0.97500     -.00013199
   0.98125     -.00010004
   0.98750     -.00006801
   0.99375     -.00003450
   1.00000     -.00000000
