   0.00000     -.00000470
   0.00050     -.00000230
   0.00100     0.00000010
   0.00150     -.00000014
   0.00200     -.00000039
   0.00250     -.00000078
   0.00300     -.00000117
   0.00350     -.00000171
   0.00400     -.00000224
   0.00450     -.00000291
   0.00500     -.00000358
   0.00550     -.00000438
   0.00600     -.00000517
   0.00650     -.00000608
   0.00700     -.00000699
   0.00750     -.00000801
   0.00800     -.00000903
   0.00850     -.00001015
   0.00900     -.00001126
   0.00950     -.00001247
   0.01000     -.00001368
   0.01050     -.00001497
   0.01100     -.00001627
   0.01150     -.00001763
   0.01200     -.00001900
   0.01250     -.00002043
   0.01300     -.00002187
   0.01350     -.00002337
   0.01400     -.00002486
   0.01450     -.00002641
   0.01500     -.00002796
   0.01550     -.00002956
   0.01600     -.00003116
   0.01650     -.00003280
   0.01700     -.00003444
   0.01750     -.00003612
   0.01800     -.00003779
   0.01850     -.00003950
   0.01900     -.00004121
   0.01950     -.00004295
   0.02000     -.00004468
   0.02050     -.00004644
   0.02100     -.00004819
   0.02150     -.00004997
   0.02200     -.00005174
   0.02250     -.00005353
   0.02300     -.00005531
   0.02350     -.00005711
   0.02400     -.00005890
   0.02450     -.00006070
   0.02500     -.00006250
   0.02550     -.00006430
   0.02600     -.00006610
   0.02650     -.00006789
   0.02700     -.00006969
   0.02750     -.00007147
   0.02800     -.00007326
   0.02850     -.00007503
   0.02900     -.00007681
   0.02950     -.00007856
   0.03000     -.00008032
   0.03050     -.00008205
   0.03100     -.00008379
   0.03150     -.00008550
   0.03200     -.00008721
   0.03250     -.00008888
   0.03300     -.00009056
   0.03350     -.00009220
   0.03400     -.00009384
   0.03450     -.00009544
   0.03500     -.00009704
   0.03550     -.00009859
   0.03600     -.00010014
   0.03650     -.00010163
   0.03700     -.00010313
   0.03750     -.00010457
   0.03800     -.00010600
   0.03850     -.00010737
   0.03900     -.00010873
   0.03950     -.00011003
   0.04000     -.00011132
   0.04050     -.00011253
   0.04100     -.00011374
   0.04150     -.00011485
   0.04200     -.00011597
   0.04250     -.00011699
   0.04300     -.00011801
   0.04350     -.00011892
   0.04400     -.00011983
   0.04450     -.00012062
   0.04500     -.00012142
   0.04550     -.00012209
   0.04600     -.00012276
   0.04650     -.00012329
   0.04700     -.00012383
   0.04750     -.00012422
   0.04800     -.00012461
   0.04850     -.00012486
   0.04900     -.00012510
   0.04950     -.00012270
   0.05000     -.00012030
