   0.00000     -.00000190
   0.00050     -.00000098
   0.00100     -.00000005
   0.00150     -.00000027
   0.00200     -.00000049
   0.00250     -.00000085
   0.00300     -.00000121
   0.00350     -.00000170
   0.00400     -.00000219
   0.00450     -.00000281
   0.00500     -.00000343
   0.00550     -.00000416
   0.00600     -.00000490
   0.00650     -.00000575
   0.00700     -.00000660
   0.00750     -.00000756
   0.00800     -.00000852
   0.00850     -.00000958
   0.00900     -.00001064
   0.00950     -.00001180
   0.01000     -.00001295
   0.01050     -.00001420
   0.01100     -.00001544
   0.01150     -.00001677
   0.01200     -.00001810
   0.01250     -.00001951
   0.01300     -.00002092
   0.01350     -.00002240
   0.01400     -.00002388
   0.01450     -.00002543
   0.01500     -.00002697
   0.01550     -.00002858
   0.01600     -.00003018
   0.01650     -.00003184
   0.01700     -.00003350
   0.01750     -.00003521
   0.01800     -.00003692
   0.01850     -.00003867
   0.01900     -.00004042
   0.01950     -.00004220
   0.02000     -.00004399
   0.02050     -.00004580
   0.02100     -.00004762
   0.02150     -.00004946
   0.02200     -.00005130
   0.02250     -.00005315
   0.02300     -.00005501
   0.02350     -.00005688
   0.02400     -.00005875
   0.02450     -.00006062
   0.02500     -.00006250
   0.02550     -.00006438
   0.02600     -.00006625
   0.02650     -.00006812
   0.02700     -.00006999
   0.02750     -.00007185
   0.02800     -.00007370
   0.02850     -.00007554
   0.02900     -.00007738
   0.02950     -.00007920
   0.03000     -.00008101
   0.03050     -.00008280
   0.03100     -.00008458
   0.03150     -.00008633
   0.03200     -.00008808
   0.03250     -.00008979
   0.03300     -.00009150
   0.03350     -.00009316
   0.03400     -.00009482
   0.03450     -.00009642
   0.03500     -.00009803
   0.03550     -.00009957
   0.03600     -.00010112
   0.03650     -.00010260
   0.03700     -.00010408
   0.03750     -.00010549
   0.03800     -.00010690
   0.03850     -.00010823
   0.03900     -.00010956
   0.03950     -.00011080
   0.04000     -.00011205
   0.04050     -.00011320
   0.04100     -.00011436
   0.04150     -.00011542
   0.04200     -.00011648
   0.04250     -.00011744
   0.04300     -.00011840
   0.04350     -.00011925
   0.04400     -.00012010
   0.04450     -.00012084
   0.04500     -.00012157
   0.04550     -.00012219
   0.04600     -.00012281
   0.04650     -.00012330
   0.04700     -.00012379
   0.04750     -.00012415
   0.04800     -.00012451
   0.04850     -.00012473
   0.04900     -.00012495
   0.04950     -.00012402
   0.05000     -.00012310
