   0.00000     -.00000120
   0.00050     -.00000150
   0.00100     -.00000188
   0.00150     -.00000214
   0.00200     -.00000240
   0.00250     -.00000278
   0.00300     -.00000317
   0.00350     -.00000368
   0.00400     -.00000419
   0.00450     -.00000482
   0.00500     -.00000544
   0.00550     -.00000618
   0.00600     -.00000692
   0.00650     -.00000776
   0.00700     -.00000861
   0.00750     -.00000955
   0.00800     -.00001049
   0.00850     -.00001153
   0.00900     -.00001257
   0.00950     -.00001370
   0.01000     -.00001483
   0.01050     -.00001604
   0.01100     -.00001725
   0.01150     -.00001854
   0.01200     -.00001983
   0.01250     -.00002119
   0.01300     -.00002256
   0.01350     -.00002399
   0.01400     -.00002542
   0.01450     -.00002691
   0.01500     -.00002840
   0.01550     -.00002994
   0.01600     -.00003149
   0.01650     -.00003309
   0.01700     -.00003468
   0.01750     -.00003632
   0.01800     -.00003796
   0.01850     -.00003964
   0.01900     -.00004132
   0.01950     -.00004304
   0.02000     -.00004475
   0.02050     -.00004649
   0.02100     -.00004823
   0.02150     -.00005000
   0.02200     -.00005176
   0.02250     -.00005354
   0.02300     -.00005532
   0.02350     -.00005711
   0.02400     -.00005891
   0.02450     -.00006070
   0.02500     -.00006250
   0.02550     -.00006430
   0.02600     -.00006609
   0.02650     -.00006789
   0.02700     -.00006968
   0.02750     -.00007146
   0.02800     -.00007324
   0.02850     -.00007500
   0.02900     -.00007677
   0.02950     -.00007851
   0.03000     -.00008025
   0.03050     -.00008196
   0.03100     -.00008368
   0.03150     -.00008536
   0.03200     -.00008704
   0.03250     -.00008868
   0.03300     -.00009032
   0.03350     -.00009191
   0.03400     -.00009351
   0.03450     -.00009506
   0.03500     -.00009660
   0.03550     -.00009809
   0.03600     -.00009958
   0.03650     -.00010101
   0.03700     -.00010244
   0.03750     -.00010381
   0.03800     -.00010517
   0.03850     -.00010646
   0.03900     -.00010775
   0.03950     -.00010896
   0.04000     -.00011017
   0.04050     -.00011130
   0.04100     -.00011243
   0.04150     -.00011347
   0.04200     -.00011451
   0.04250     -.00011545
   0.04300     -.00011639
   0.04350     -.00011724
   0.04400     -.00011808
   0.04450     -.00011882
   0.04500     -.00011956
   0.04550     -.00012018
   0.04600     -.00012081
   0.04650     -.00012132
   0.04700     -.00012183
   0.04750     -.00012222
   0.04800     -.00012260
   0.04850     -.00012286
   0.04900     -.00012312
   0.05000     -.00012310
