   0.00000     -.00000055
   0.00050     -.00000029
   0.00100     -.00000004
   0.00150     -.00000027
   0.00200     -.00000049
   0.00250     -.00000086
   0.00300     -.00000123
   0.00350     -.00000174
   0.00400     -.00000224
   0.00450     -.00000288
   0.00500     -.00000351
   0.00550     -.00000427
   0.00600     -.00000502
   0.00650     -.00000590
   0.00700     -.00000677
   0.00750     -.00000775
   0.00800     -.00000873
   0.00850     -.00000981
   0.00900     -.00001089
   0.00950     -.00001206
   0.01000     -.00001324
   0.01050     -.00001450
   0.01100     -.00001577
   0.01150     -.00001711
   0.01200     -.00001846
   0.01250     -.00001987
   0.01300     -.00002129
   0.01350     -.00002278
   0.01400     -.00002427
   0.01450     -.00002581
   0.01500     -.00002736
   0.01550     -.00002897
   0.01600     -.00003057
   0.01650     -.00003222
   0.01700     -.00003387
   0.01750     -.00003557
   0.01800     -.00003727
   0.01850     -.00003900
   0.01900     -.00004073
   0.01950     -.00004250
   0.02000     -.00004427
   0.02050     -.00004606
   0.02100     -.00004785
   0.02150     -.00004966
   0.02200     -.00005148
   0.02250     -.00005330
   0.02300     -.00005513
   0.02350     -.00005697
   0.02400     -.00005881
   0.02450     -.00006066
   0.02500     -.00006250
   0.02550     -.00006434
   0.02600     -.00006619
   0.02650     -.00006803
   0.02700     -.00006987
   0.02750     -.00007170
   0.02800     -.00007352
   0.02850     -.00007534
   0.02900     -.00007715
   0.02950     -.00007894
   0.03000     -.00008073
   0.03050     -.00008250
   0.03100     -.00008427
   0.03150     -.00008600
   0.03200     -.00008773
   0.03250     -.00008943
   0.03300     -.00009113
   0.03350     -.00009278
   0.03400     -.00009443
   0.03450     -.00009603
   0.03500     -.00009764
   0.03550     -.00009919
   0.03600     -.00010073
   0.03650     -.00010222
   0.03700     -.00010371
   0.03750     -.00010513
   0.03800     -.00010654
   0.03850     -.00010789
   0.03900     -.00010923
   0.03950     -.00011050
   0.04000     -.00011176
   0.04050     -.00011294
   0.04100     -.00011411
   0.04150     -.00011519
   0.04200     -.00011627
   0.04250     -.00011725
   0.04300     -.00011823
   0.04350     -.00011910
   0.04400     -.00011998
   0.04450     -.00012073
   0.04500     -.00012149
   0.04550     -.00012212
   0.04600     -.00012276
   0.04650     -.00012326
   0.04700     -.00012377
   0.04750     -.00012414
   0.04800     -.00012451
   0.04850     -.00012473
   0.04900     -.00012496
   0.04950     -.00012471
   0.05000     -.00012445
